0
0
0
0.01396338218184631
0.013842013158048753
0.024892248225435506
0
0
0
0
0
0
0.04044399861742912
0.01207452524716262
0.011309029878449705
0.00973998742870899
0
0
0.12747794775171176
0.1302974607357376
0.110098345365021
0.12937949116521633
0
0
0
0.007852699114796545
0
0
0
0.007202025745300132
0
0.007183286476637045
0.013165133072314409
0.0071461157583747326
0
0
0
0
0.007047757508365652
0.006046659912590714
0
0
0.006020814049818732
0
0
0.021737282987475036
0
0
0
0
0.005987561416981179
0
0
0
0
0
0
0
0.005990105526211527
0
0
0.010859297670267776
0.011735826499805587
0
0.005868072320273861
0
0.005863202799072125
0
0.010779159548622236
0.005853489330687989
0.005846226516886772
0
0
0
0
0
0
0
0
0
0
0
0
0
0.005805427585867145
0.010678568801032347
0.005800667225227602
0
0.005798290136844979
0.010674240454466579
0.005803046373990525
0
0
0
0
0.005784070722064972
0.0057864355052995396
0
0
0
0
0
0
0.005776988609872192
0.0057746319760113955
0
0
0
0.0057699247975044774
0
0
0.010575706015550673
0
0
0
0
0
0
0
0
0
0
0
0
0.015004738487465762
0
0
0
0
0
0
0
0
0.005716369197545351
0.014980984806228104
0.010516667700538053
0
0.014975058886666726
0
0
0
0
0
0
0
0.01493371673683111
0
0
0
0
0
0
0
0
0
0
0
0
0
0
0
0
0
0
0
0
0
0
0
0
0.027171608268557107
0.06534272047872129
0
0
0
0
0
0
0
0
0
0
0.005697986447512592
0
0
0
0.005693410258523524
0.005693410258523524
0.005693410258523524
0.005693410258523524
0
0.02318751233563804
0
0
0.016165455025952995
0
0
0
0
0
0
0
0.005695697381890614
0
0
0.005700277457914231
0
0
0
0
0
0
0.01049157910006485
0
0
0
0
0
0
0
0
0
0
0
0.005695697381890614
0.9879556719254886
0
0
0
0
0
0
0
0
0
0
0
0
0.01493371673683111
0
0
0
0
0
0.00566159306485704
0.022626555847828043
0
0
0
0
0
0
0
0
0
0
0
0
0.005579284622483343
0
0
0
0
0
0
0.005579284622483343
0
0
0
0.01115390665934924
0
0
0
0.005579284622483343
0
0
0
0
0
0
0
0
0
0
0.005563996158163855
0
0
0
0
0
0
0
0
0
0
0
0
0.05104301664669756
0
0
0
0
0
0
0
0
0
0
0
0
0
0
0
0
0
0
0.005518657106536172
0
0
0.010157101697881577
0
0.0055165175585548155
0
0
0
0
0
0
0
0
0
0
0
0
0
0
0
0
0.010133796281705796
0
0
0
0
0
0
0.005507976860777862
0
0
0
0
0
0
0
0
0
0
0
0.005503716977770644
0
0.0055058460489347556
0
0
0
0.010137672635854847
0
0
0
0
0
0
0
0
0
0
0
0
0
0
0
0
0
0
0.011011416628864894
0
0
0
0
0
0
0
0
0
0
0
0
0
0
0
0
0
0
0
0
0
0
0
0
0
0
0
0
0
0
0
0
0.029894291558153548
0
0
0
0
0
0
0
0
0
0
0
0
0
0
0
0
0
0
0
0
0
0
0
0
0
0
0
0
0.00549734018662597
0
0
0
0
0
0
0
0
0
0
0
0
0
0
0
0
0
0
0
0
0
0
0
0
0
0
0
0
0
0.01991405970415583
0
0
0
0
0
0
0
0
0
0
0
0
0
0
0
0
0
0
0
0
0
0
0
0.189349107165104
0
0
0
0
0
0
0
0
0
0
0
0.010099050089606277
0
0
0
0
0
0
0
0
0
0
0
0
0
0
0.005486746812740287
0
0
0
0
0
0
0
0
0
0
0
0
0
0
0.005480411460510043
0
0
0
0
0
0
0
0
0
0
0
0
0
0
0
0
0
0
0.005480411460510043
0
0
0
0
0.005478303108933269
0
0
0.005480411460510043
0
0
0.005480411460510043
0
0
0
0
0
0
0
0
0
0
0
0
0
0
0
0
0
0
0
0
0
0
0
0
0
0
0
0.010079855634849531
0
0
0.005471988321868283
0.010076026027796479
0
0
0
0
0
0
0
0
0
0
0
0
0
0
0
0
0.010072199506460624
0
0
0
0
0
0
0
0
0
0
0
0
0
0
0
0
0
0
0
0
0
0
0.03335614605635717
0
0
0
0
0
0
0
0
0
0
0
0
0
0
0
0
0
0
0
0
0.005469886808322483
0
0
0
0
0
0
0
0
0
0
0
0
0
0
0
0
0
0
0
0
0
0
0
0
0
0
0
0
0
0.005467786998983655
0
0.005467786998983655
0
0
0
0
0
0
0
0
0
0
0
0
0
0
0
0
0
0
0
0
0
0
0
0
0
0
0
0
0
0
0
0
0
0.005465688891738497
0
0
0
0
0
0
0
0
0
0
0
0
0
0
0
0.005471988321868283
0
0
0
0
0
0
0.005465688891738497
0
0
0
0
0
0
0
0
0
0
0.005465688891738497
0
0
0
0
0
0
0
0
0
0
0
0
0
0
0
0
0
0
0
0.014336077143247753
0.005465688891738497
0
0
0
0
0.005465688891738497
0
0
0
0
0
0
0
0
0
0
0
0
0
0
0
0
0
0
0
0
0
0
0
0
0
0
0.0260797324680034
0.02230386804369743
0
0.010064555705713879
0
0
0
0
0
0
0.010064555705713879
0
0
0
0
0
0
0
0
0
0
0
0
0
0
0
0
0
0
0
0
0
0
0.010064555705713879
0
0
0
0
0
0.005465688891738497
0
0
0
0.005467786998983655
0
0
0
0
0
0
0
0
0.06284062887409263
0
0
0
0
0
0
0
0
0
0
0
0
0
0
0
0
0
0
0
0
0
0
0
0
0
0
0
0
0
0
0.014336077143247753
0
0
0
0
0
0
0
0
0
0
0
0
0
0
0
0.005467786998983655
0
0
0
0
0.005467786998983655
0
0
0
0
0
0
0
0
0
0.027780710970317698
0
0
0
0
0
0
0
0
0
0
0.005476196470051572
0
0.005478303108933269
0
0
0
0
0
0
0
0
0
0
0
0
0
0.005476196470051572
0
0
0
0
0
0
0
0
0
0
0
0
0
0
0
0
0
0
0
0
0
0
0
0
0
0
0
0
0
0
0
0
0
0
0
0
0
0
0
0
0
0
0
0
0.005476196470051572
0
0
0
0
0
0
0
0
0
0
0
0
0
0
0
0
0
0
0
0
0
0
0
0
0
0
0
0
0
0
0
0
0
0
0
0
0
0
0
0
0.46478669713221443
0
0
0
0.0055293811975369875
0
0
0
0
0
0
0
0
0
0
0
0
0
0
0
0.0055293811975369875
0
0
0
0
0
0
0
0
0
0
0
0
0
0
0
0
0
0
0
0
0.005542308371168683
0.0055444691108114865
0.010207989058920603
0
0
0
0.005535836812554224
0
0
0
0
0
0
0
0
0
0
0
0
0.005535836812554224
0
0
0
0
0
0.005535836812554224
0
0
0
0
0
0
0
0
0.005522941466106099
0
0.005522941466106099
0
0
0
0
0
0
0
0
0
0
0
0
0.005525086282098625
0
0
0
0
0
0
0.0055315313014093264
0
0
0
0
0
0
0
0
0
0
0
0
0
0.005535836812554224
0
0
0
0
0
0
0
0
0
0
0
0
0
0
0
0.005527232858505274
0
0.0055165175585548155
0
0.02249678983304903
0.0055165175585548155
0
0
0
0
0
0
0
0
0
0
0
0
0
0
0
0
0
0
0.005518657106536172
0
0
0.005518657106536172
0
0
0.005518657106536172
0
0.01856880523406996
0
0
0
0
0
0
0.005525086282098625
0
0
0
0
0
0
0
0
0
0
0
0
0.014488948804186018
0
0
0
0
0
0
0
0
0
0
0
0
0
0
0
0
0
0
0
0
0
0
0
0
0
0
0
0
0.005467786998983655
0
0
0
0
0
0
0
0
0
0
0
0
0
0
0
0
0
0
0
0
0
0
0
0
0
0
0
0
0
0
0
0
0
0
0.014346882685125332
0
0
0
0
0
0
0
0
0
0
0
0
0
0
0
0
0
0
0.043683649721926225
0
0
0
0
0.01435770557174226
0
0
0
0
0.010076026027796479
0
0
0
0
0
0
0
0
0
0
0.005488862036443962
0
0.005488862036443962
0
0.005488862036443962
0
0.010977450519767111
0.005488862036443962
0
0
0
0
0
0
0
0
0.005480411460510043
0.005484633310277246
0
0
0
0
0
0
0
0
0
0
0
0
0
0
0
0
0
0
0
0
0
0
0
0
0
0.010099050089606277
0
0
0
0
0
0
0
0
0
0
0
0.18597088928747382
0
0
0
0
0
0
0
0.00549734018662597
0
0
0
0
0
0
0
0
0
0
0
0
0
0.005490978983533644
0.005490978983533644
0
0
0
0
0
0
0
0
0
0.018457120487129226
0
0
0
0
0
0
0
0
0
0.20324426696115336
0
0
0
0
0
0
0
0
0
0
0
0
0
0
0
0
0.010106749605531151
0
0
0
0
0
0
0
0
0
0
0
0.005486746812740287
0.005486746812740287
0
0
0.005490978983533644
0
0.005484633310277246
0
0
0
0
0
0
0
0
0
0
0
0.010102898291291988
0
0
0
0
0
0
0
0
0
0
0
0
0
0
0
0
0
0
0
0
0
0
0
0
0
0
0.010943704986581728
0.06890575548428154
0
0
0
0
0
0
0
0
0
0
0
0
0
0.005474091541737993
0
0
0
0
0
0
0
0
0
0
0
0
0
0
0
0.005474091541737993
0
0.005476196470051572
0.005474091541737993
0
0
0
0
0
0
0.005474091541737993
0
0
0
0
0
0
0
0
0
0
0.005476196470051572
0
0
0
0.022328831140431805
0
0
0
0
0
0
0
0
0
0
0
0
0
0
0
0
0
0
0
0
0
0
0
0.01840181342900639
0.014341477748760241
0
0
0
0
0
0
0
0
0
0
0
0
0
0
0
0
0
0
0
0
0
0
0
0
0
0
0
0
0
0
0
0.005476196470051572
0
0
0
0
0
0
0
0
0
0
0
0
0
0
0
0
0
0
0
0
0
0
0
0
0
0
0
0
0
0
0
0
0
0
0
0.010083688331434321
0
0
0.01842942271377664
0
0
0
0
0
0
0
0
0
0
0
0
0
0
0
0
0
0.010083688331434321
0
0
0
0
0
0
0.010072199506460624
0
0
0
0
0
0
0
0
0
0
0
0
0
0
0
0
0
0
0
0
0
0
0
0
0
0
0
0
0
0
0
0
0
0
0
0
0
0
0
0
0
0
0.014330680863266616
0
0
0
0
0
0.005465688891738497
0
0
0
0
0
0
0
0
0
0
0
0
0
0
0
0
0
0.005465688891738497
0
0
0
0
0
0
0
0
0
0
0
0
0
0
0
0
0
0
0
0
0.005465688891738497
0
0
0
0
0
0
0
0
0
0
0
0
0
0
0
0
0
0
0
0
0
0
0
0
0
0.005469886808322483
0
0
0
0
0
0
0
0
0
0
0
0
0
0
0.014346882685125332
0
0
0
0
0.005467786998983655
0
0
0
0
0
0
0
0
0
0
0
0
0
0
0
0
0
0
0
0
0
0
0
0
0
0
0
0
0
0
0
0
0
0
0
0
0
0
0
0
0.005465688891738497
0
0
0
0
0
0
0
0.005465688891738497
0
0
0
0.005471988321868283
0
0
0
0
0
0.010072199506460624
0
0
0
0
0
0
0
0
0
0
0
0
0
0
0
0
0
0
0
0
0
0
0
0
0
0
0.005471988321868283
0.010072199506460624
0
0
0
0
0
0
0
0
0
0
0
0
0
0
0.005469886808322483
0
0.010072199506460624
0
0
0
0
0
0
0
0
0
0
0
0
0
0
0.005467786998983655
0
0
0
0
0
0
0
0
0
0
0
0
0
0
0
0
0
0
0
0
0
0
0
0
0
0
0
0
0
0
0
0
0
0
0
0
0.005474091541737993
0
0
0
0
0
0
0
0
0
0
0
0
0
0
0
0
0
0
0
0
0
0.005478303108933269
0
0
0
0
0
0
0
0
0
0
0
0
0
0
0.005476196470051572
0
0
0
0
0
0
0
0
0
0
0
0
0
0
0
0
0
0
0
0
0
0
0
0
0
0
0
0
0
0
0
0
0
0
0
0
0
0
0
0
0
0
0.005471988321868283
0
0
0
0
0
0
0
0
0
0
0
0
0
0
0
0
0
0
0
0
0
0
0
0
0
0
0
0
0
0.010076026027796479
0
0
0
0
0
0
0
0
0
0
0
0
0
0
0.005471988321868283
0
0
0
0
0
0
0.033343855795410896
0
0
0
0
0
0
0
0
0
0
0
0
0
0
0
0
0
0
0
0
0
0
0
0
0
0
0
0
0
0.005465688891738497
0
0.005465688891738497
0
0
0
0
0
0
0
0.005465688891738497
0
0
0
0
0
0
0
0
0
0
0
0
0
0
0
0
0
0
0
0
0
0
0
0
0
0
0
0
0
0
0
0
0
0
0
0.005469886808322483
0
0
0
0
0
0
0
0
0.0260797324680034
0
0
0
0
0
0
0
0
0
0
0
0
0
0
0
0
0
0
0
0
0
0
0
0
0
0
0
0
0
0
0
0
0
0
0
0
0
0
0
0
0.005465688891738497
0
0.005465688891738497
0
0
0
0
0
0
0
0
0.005484633310277246
0
0
0
0
0
0.005486746812740287
0
0
0
0
0
0
0
0
0
0
0
0
0.005488862036443962
0
0
0
0
0.005507976860777862
0
0
0.0055058460489347556
0
0
0
0
0
0
0
0
0
0
0
0.00550158964511099
0
0
0
0.02621595467201807
0
0
0
0
0.0054994640487851685
0
0
0
0
0
0
0
0.0054994640487851685
0
0
0
0.005495218056470404
0
0
0.00549734018662597
0
0
0
0
0
0
0
0
0
0.0054994640487851685
0
0
0
0
0
0
0
0
0
0
0.005503716977770644
0
0
0
0
0
0
0
0
0
0
0
0
0
0
0
0
0
0
0
0
0
0
0
0
0
0
0
0
0
0
0
0
0
0
0
0
0
0
0
0
0
0
0
0
0
0
0
0
0
0
0
0
0
0.005503716977770644
0
0
0
0
0
0
0
0
0
0
0
0
0
0
0
0
0.00550158964511099
0
0
0
0
0
0
0
0
0
0
0.0662240457276652
0
0
0
0
0
0.01012605300033357
0
0
0
0
0
0
0
0
0
0
0
0
0
0
0
0
0
0
0.005503716977770644
0
0
0
0.005503716977770644
0.005503716977770644
0.005503716977770644
0
0
0
0
0
0
0
0.026235539406971414
0
0
0
0
0
0
0
0
0
0
0
0
0
0.005507976860777862
0
0
0
0
0
0.005507976860777862
0
0
0
0
0.10615032024945069
0
0
0
0
0
0
0.00549734018662597
0
0
0
0
0
0
0
0.005503716977770644
0
0
0
0
0
0
0
0
0
0
0
0.005484633310277246
0
0
0
0
0
0
0
0
0
0
0
0
0
0
0
0
0
0
0
0.014379403550322484
0
0
0
0
0
0
0
0
0
0
0
0
0
0
0
0
0
0
0
0
0
0.005459404761486476
0
0
0
0
0
0
0
0
0.11837057319367023
0
0
0
0
0
0
0
0
0
0
0
0.005520798408319934
0
0
0
0
0
0
0
0
0
0
0
0
0
0
0
0.005657078388293435
0
0
0
0
0.0056593347753472086
0
0
0
0
0
0
0
0
0
0
0
0
0
0
0
0
0
0
0
0
0.005650320617380303
0
0
0
0
0
0
0
0
0
0
0
0
0
0
0
0
0
0
0
0.005650320617380303
0
0
0
0
0
0
0
0
0
0
0
0.00565482390124473
0
0
0
0
0
0
0
0
0
0
0
0
0
0
0
0
0
0.014834318367734758
0
0
0
0
0
0.0056593347753472086
0
0
0
0
0
0
0
0.005650320617380303
0
0
0
0
0
0
0
0
0
0
0
0
0
0
0
0
0
0
0
0
0
0
0
0
0
0
0
0
0
0
0.005652571311754358
0
0
0
0
0
0
0
0.005643579880594865
0
0.0056480718156843015
0
0
0
0
0
0
0
0
0
0
0
0
0
0
0
0
0
0
0
0.0056593347753472086
0
0
0
0
0
0
0
0
0
0
0
0
0
0
0
0
0
0
0
0
0
0
0
0
0
0
0
0
0
0
0
0
0
0
0
0
0
0
0
0
0
0
0.014811134759179365
0
0.01040476027875016
0
0
0
0.00565482390124473
0
0
0
0
0
0
0
0
0
0
0
0
0
0
0.0056638532592776965
0
0
0
0
0
0
0
0
0
0
0
0
0.0056638532592776965
0
0
0
0
0
0
0
0
0
0
0
0
0
0
0
0
0
0
0
0
0
0
0
0
0
0
0
0
0
0
0
0
0
0
0
0
0
0
0
0
0
0
0
0
0
0
0
0
0
0
0
0
0
0
0
0
0
0
0
0
0
0
0
0
0
0
0
0
0
0.010056924202219267
0
0
0
0
0
0
0.2022944119953632
0
0
0
0
0
0
0
0
0
0
0
0
0
0
0
0
0
0
0
0
0
0
0
0
0
0
0.005459404761486476
0
0
0
0
0
0
0
0
0
0
0
0
0
0.005457313441554602
0
0
0
0
0
0
0.005459404761486476
0
0
0
0
0
0
0
0
0
0
0
0
0
0
0
0
0
0
0
0
0
0
0
0
0
0
0
0
0
0
0
0.005459404761486476
0
0.005459404761486476
0
0
0
0
0
0
0
0
0
0
0
0
0
0
0
0
0
0
0.005457313441554602
0
0
0
0
0
0.005457313441554602
0
0
0
0
0
0
0
0
0
0
0
0
0.014325288903504416
0
0
0
0
0
0
0
0
0
0
0
0
0
0
0
0.005467786998983655
0
0
0
0
0
0
0.0260797324680034
0
0
0.9968685878662421
0
0
0.005463592484477515
0
0
0
0
0
0.022287259074451154
0
0
0
0
0
0
0
0
0
0
0
0
0
0
0
0
0
0
0
0
0
0
0
0
0
0.005457313441554602
0
0
0
0
0
0
0
0
0
0
0
0
0
0.010049304965687426
0
0
0
0
0
0
0
0
0
0
0
0
0.010049304965687426
0
0
0
0
0
0
0
0
0
0
0
0
0
0
0
0
0
0.005457313441554602
0
0
0
0
0
0
0
0
0
0
0
0
0.010049304965687426
0
0.005457313441554602
0
0
0
0
0
0
0
0
0
0
0
0
0.03679337561224623
0.005457313441554602
0
0
0
0
0
0
0
0
0
0
0
0.005455223813203254
0
0
0
0
0
0
0.005455223813203254
0
0
0
0
0
0.02596416992162437
0
0
0
0.005442721449366375
0.010022733805213598
0.0197114445471605
0
0.0054406436036920835
0
0
0
0
0
0
0
0
0
0
0
0
0
0
0
0
0
0
0
0
0
0
0
0
0
0
0
0
0
0
0
0
0
0
0
0
0
0
0
0
0
0.005448965056727452
0
0
0
0
0
0
0
0
0
0
0
0
0
0
0
0
0
0
0
0
0.005451049622876637
0
0
0
0
0
0
0
0
0
0
0.005451049622876637
0
0
0
0
0
0.005451049622876637
0
0
0
0.0054468821738109545
0
0
0
0
0
0
0
0
0
0
0
0
0
0
0
0
0
0
0
0
0
0
0
0
0
0
0
0
0
0
0
0
0
0
0
0
0
0
0
0
0
0
0
0
0
0
0
0
0
0
0
0
0
0
0
0
0
0
0
0
0
0
0
0
0
0
0
0
0
0
0
0
0
0.0054468821738109545
0
0
0
0
0
0
0
0
0
0
0
0
0
0
0
0
0
0
0
0
0
0
0
0
0
0
0
0
0
0
0
0
0
0
0
0.05004448930756232
0
0
0
0
0
0
0
0
0
0
0
0
0
0
0
0
0
0
0
0.005451049622876637
0
0
0
0
0
0
0
0
0
0.005451049622876637
0
0
0.005448965056727452
0
0
0
0
0.005455223813203254
0
0
0
0
0
0
0
0
0
0
0
0
0
0
0
0
0
0
0
0.005451049622876637
0
0
0
0
0
0
0
0
0
0
0
0
0
0
0
0
0
0
0
0
0
0
0
0
0
0
0
0
0
0
0
0
0
0
0
0
0
0
0
0
0.005444800972048999
0
0
0
0
0
0
0
0
0
0
0
0
0
0
0
0
0
0
0
0
0
0
0
0
0
0
0
0
0
0
0
0
0
0
0
0
0
0
0
0
0
0
0
0
0
0.0054406436036920835
0
0
0
0
0
0
0
0
0
0
0
0
0
0
0
0
0
0
0
0
0
0
0.0054406436036920835
0
0.0054406436036920835
0
0
0
0
0
0
0
0
0
0
0
0
0
0
0
0
0
0
0
0.010881019052433757
0
0
0
0
0
0
0
0
0
0
0
0
0
0
0
0
0
0
0
0
0
0
0
0
0
0
0
0
0
0.005448965056727452
0
0
0
0
0
0
0
0
0
0
0
0
0
0
0
0
0
0
0
0.005451049622876637
0
0
0
0
0
0
0
0
0
0
0
0
0
0
0
0
0
0
0
0
0
0.010030310344454502
0
0
0
0
0
0
0
0
0
0
0
0
0
0
0
0
0
0
0
0
0
0
0
0
0
0
0
0
0
0
0
0
0
0
0
0
0
0
0
0
0
0
0
0
0
0
0
0
0
0
0
0
0
0
0
0
0.005451049622876637
0
0
0
0
0
0
0
0
0
0
0
0
0
0
0
0
0
0
0
0
0
0
0
0
0
0
0.005453135874340077
0
0
0
0
0
0
0
0
0.01004549993809487
0
0
0
0.005455223813203254
0
0
0
0
0
0.015500184072896061
0
0
0.005455223813203254
0
0
0
0
0
0
0
0
0
0
0
0
0
0
0
0
0
0
0
0
0.005457313441554602
0
0
0
0
0
0.014303764160705681
0
0
0
0
0
0
0
0
0
0.029684794977137646
0
0
0
0
0
0.005451049622876637
0
0
0.01834685859481468
0
0
0.005448965056727452
0
0.005448965056727452
0.014293027573143333
0
0
0
0.005451049622876637
0
0
0
0
0
0
0
0
0
0
0
0
0
0
0
0
0
0
0
0
0
0
0
0
0
0
0
0
0
0
0
0
0.005455223813203254
0
0
0
0
0
0
0
0
0
0
0
0
0
0
0
0
0
0
0
0
0
0
0
0.005442721449366375
0
0
0
0
0.014276954803297505
0.005442721449366375
0
0.005442721449366375
0
0
0
0
0
0
0
0
0.010022733805213598
0
0
0
0
0
0
0
0
0
0
0
0
0
0.019726302888743146
0
0
0
0.005444800972048999
0
0
0
0
0
0
0
0
0
0
0
0
0
0
0
0
0
0
0
0
0
0
0
0
0
0
0
0
0
0
0
0
0
0
0.010037899045435218
0
0
0
0
0
0
0
0
0
0
0
0
0
0
0
0
0
0
0
0
0
0
0
0
0
0
0
0
0
0
0.014309138892540044
0
0
0
0
0
0
0
0
0
0
0
0
0
0
0
0
0
0
0
0
0
0
0
0
0
0
0
0
0
0
0
0.010030310344454502
0
0
0
0
0.005444800972048999
0
0.010034103172858563
0
0
0
0
0.0054468821738109545
0
0
0.0799881810554471
0
0
0
0
0
0
0
0
0
0
0
0
0
0
0
0
0
0
0
0
0
0
0
0
0
0
0
0
0
0
0
0
0
0
0
0
0
0
0
0
0
0
0
0
0.005448965056727452
0
0
0
0
0
0
0
0
0
0
0
0
0
0
0
0
0
0
0
0
0
0
0
0
0
0
0
0
0
0
0
0
0
0
0
0
0.010022733805213598
0
0
0
0
0
0
0
0
0
0
0
0
0
0
0
0
0
0
0
0
0
0
0
0
0
0
0
0
0
0
0
0
0
0
0
0
0
0
0.0054468821738109545
0
0
0
0.010030310344454502
0
0
0
0
0
0
0
0
0
0
0
0
0
0
0.0054406436036920835
0
0
0.005444800972048999
0
0
0.005442721449366375
0
0
0
0
0
0
0
0
0
0.0054406436036920835
0
0
0
0.0054406436036920835
0
0
0
0
0
0
0
0
0
0
0
0
0
0
0
0
0
0
0
0
0
0
0
0
0
0
0
0
0
0
0
0
0
0
0
0
0
0
0.0054406436036920835
0
0
0
0.0054406436036920835
0
0
0
0
0
0
0
0
0
0
0
0
0
0
0
0
0
0
0
0
0
0
0
0
0
0
0
0
0
0
0.0054406436036920835
0
0
0
0
0
0
0
0
0
0
0
0
0
0
0
0
0
0
0.039682333996989505
0
0
0
0
0
0
0
0.005448965056727452
0
0
0
0
0
0
0
0
0
0
0
0
0.005448965056727452
0
0
0
0
0
0
0
0
0
0
0
0
0
0
0
0
0
0
0
0
0
0
0
0
0
0
0
0
0
0
0
0
0
0
0
0
0
0
0
0
0
0
0
0.02379683025952102
0
0
0
0
0
0
0
0
0
0
0
0
0
0
0
0
0
0
0
0
0
0
0
0
0
0
0
0
0
0
0
0
0
0
0
0
0
0
0
0
0
0
0
0
0
0
0
0
0
0
0
0
0
0
0
0
0
0
0
0
0
0
0
0
0
0
0
0
0
0.010897661031235076
0
0
0
0
0
0
0
0
0
0
0
0.04681183606570795
0
0
0
0
0
0
0
0
0
0
0
0
0
0
0
0
0
0
0
0
0.005463592484477515
0
0
0
0
0
0
0
0
0
0
0
0
0
0
0
0
0
0
0.005561819313302546
0
0.005568355252559972
0
0
0
0
0
0
0
0
0
0
0
0
0
0
0
0
0
0
0.00558586402814057
0
0
0
0
0
0
0
0
0
0
0
0
0
0
0
0
0
0
0.010287342762769578
0
0
0
0
0
0
0
0
0
0
0
0.005588060807821275
0
0
0
0
0
0
0
0
0
0
0
0
0
0
0
0
0
0
0
0
0
0
0
0
0
0
0
0
0.005592459847784892
0
0
0
0
0
0
0
0
0
0
0
0
0
0
0
0
0
0
0.005590259413595013
0.005590259413595013
0
0
0
0
0
0
0.005590259413595013
0
0
0
0
0
0.005590259413595013
0
0
0
0
0
0
0
0
0
0
0
0
0
0
0
0
0
0
0
0
0
0
0
0
0
0
0
0
0
0
0
0
0
0
0
0
0
0
0
0.005592459847784892
0
0
0
0
0
0
0
0
0
0
0
0.005592459847784892
0
0
0
0
0
0
0
0
0
0
0
0
0
0
0
0
0.005594662112718047
0
0
0
0
0
0
0
0.010299358898973189
0
0.005592459847784892
0
0
0
0.005590259413595013
0
0
0.005570537506658492
0
0
0
0
0
0
0
0
0
0
0
0
0.02616712941932786
0
0
0
0
0
0
0
0
0
0
0
0
0
0
0
0
0
0
0
0
0
0
0
0
0
0
0
0.005444800972048999
0
0
0
0
0
0
0
0
0
0
0
0
0
0
0
0
0
0
0
0
0
0
0
0
0
0
0
0
0
0
0
0
0
0
0
0
0
0
0
0
0
0
0
0
0
0
0
0
0
0
0
0
0
0
0
0
0
0
0
0
0
0
0
0
0
0
0
0
0
0
0.005451049622876637
0.005451049622876637
0
0
0
0
0
0
0
0.010034103172858563
0
0
0
0
0
0
0
0
0
0
0
0
0.005453135874340077
0
0
0.005453135874340077
0
0
0
0
0
0
0
0
0
0
0
0
0
0
0
0
0
0
0
0
0
0
0
0
0
0
0
0
0
0
0
0
0
0
0
0
0
0
0
0
0
0
0
0
0
0
0
0
0
0
0
0
0
0
0
0
0
0
0
0
0
0
0
0
0
0
0
0
0
0
0
0
0
0
0
0
0
0
0
0
0.005451049622876637
0
0
0
0
0
0
0
0
0
0
0
0
0
0
0
0
0
0
0
0
0
0
0
0
0
0
0
0
0
0
0
0
0
0
0
0
0
0
0
0
0
0
0
0
0
0
0
0
0
0
0
0.010041697965930109
0
0
0
0
0
0
0
0
0
0
0
0
0
0
0
0
0
0
0
0
0
0
0
0
0
0
0
0
0
0
0
0
0
0
0
0
0
0
0.005442721449366375
0
0
0
0
0
0
0
0
0
0
0
0
0
0
0
0
0
0
0
0
0
0
0
0
0
0
0
0
0
0
0
0
0
0
0
0
0
0
0
0
0
0
0.005438567432958053
0
0
0
0
0.005442721449366375
0
0
0
0
0
0
0
0
0
0
0
0
0.0054406436036920835
0
0
0
0
0
0
0
0
0
0
0
0
0.0054364929350997696
0
0
0
0
0
0
0
0
0
0
0
0
0
0
0
0
0
0
0
0
0
0
0
0
0
0
0.005438567432958053
0.005438567432958053
0
0
0
0
0
0
0
0
0.04671018045560442
0
0
0
0
0
0
0
0
0
0
0
0
0
0
0
0
0
0
0
0
0
0.02957579161230521
0
0
0
0
0
0
0
0
0
0.005432348949769826
0
0
0
0
0
0
0
0
0
0
0
0
0
0
0
0
0
0
0
0
0
0
0
0
0
0
0
0
0
0
0
0
0
0
0
0
0
0
0
0
0
0
0
0
0
0
0
0.06241382487918601
0
0.005432348949769826
0.005432348949769826
0
0
0
0
0
0
0
0
0
0.005430279458186236
0
0
0
0
0
0
0
0
0
0
0
0
0
0
0
0
0
0
0
0
0
0
0
0
0
0
0
0
0.005434420108056273
0
0
0
0
0
0
0
0
0
0
0
0
0
0
0
0
0
0
0
0
0
0
0
0
0
0
0
0
0
0
0
0
0
0
0
0
0
0
0.005432348949769826
0
0
0
0
0
0
0
0
0
0.005434420108056273
0
0
0
0
0
0.0054364929350997696
0
0
0
0
0
0
0
0
0
0
0
0
0
0
0
0
0
0
0
0
0.005438567432958053
0
0
0
0
0
0
0
0
0
0
0
0
0
0
0
0
0
0
0
0
0.0054364929350997696
0
0
0.02217994142446874
0
0
0
0
0
0.005438567432958053
0
0
0
0
0
0
0
0
0
0
0
0
0
0
0
0.0056480718156843015
0
0
0
0
0
0
0
0
0
0
0
0
0
0
0
0.010458324534492469
0
0
0.0056911250748914125
0
0
0
0
0
0
0.005688841828478268
0
0
0
0
0
0
0
0.005684281137268598
0
0
0
0
0
0
0
0.005677454566956508
0
0
0
0
0
0
0
0
0.005668379372693637
0
0
0
0
0
0
0
0.0056638532592776965
0
0
0
0
0
0
0
0
0
0
0
0
0
0
0
0
0
0
0
0
0
0
0
0
0
0
0
0
0
0
0
0
0
0
0
0
0
0
0
0
0
0
0
0
0
0
0
0
0
0
0
0
0
0
0
0.005657078388293435
0
0
0
0
0
0
0
0
0
0
0
0
0
0
0
0
0
0
0.00565482390124473
0
0
0
0
0
0
0
0
0
0
0
0
0
0
0
0
0.005650320617380303
0
0
0
0
0
0
0
0.0056480718156843015
0
0
0
0
0
0
0
0
0
0
0
0
0
0
0.0056593347753472086
0
0
0
0
0
0
0
0
0
0
0
0
0
0
0
0
0
0
0
0
0
0
0
0
0
0
0
0.005645824904232322
0
0
0
0.005643579880594865
0
0.005643579880594865
0
0
0
0
0
0
0
0
0
0
0
0
0
0
0
0
0
0
0
0
0
0
0
0
0
0
0
0
0
0
0
0
0
0
0
0
0
0
0
0
0
0
0
0
0
0
0
0
0.005666115361068687
0
0
0
0
0
0
0
0
0.005605700980268421
0
0
0
0
0
0
0
0
0
0
0
0
0
0
0
0
0
0
0
0
0
0
0
0
0
0
0
0
0
0
0
0
0
0
0
0.009977528302136362
0
0
0
0
0
0
0
0
0
0
0
0
0.00542408096316094
0.0054220181179142485
0
0
0
0
0
0
0
0
0
0
0
0
0
0
0
0
0
0
0
0
0
0
0
0.005419956929150268
0
0
0
0
0
0
0
0
0
0
0.005415839512937639
0
0
0
0
0
0
0
0
0
0
0
0
0
0
0.005417897394834803
0
0
0
0
0
0
0
0
0
0
0
0
0
0
0
0
0
0
0
0
0
0
0
0.0054261454669274015
0
0
0
0
0
0
0.005428211631254524
0
0
0
0
0
0
0
0
0
0
0
0
0.0054261454669274015
0
0
0
0
0
0
0
0
0
0
0
0
0
0.009992548670321578
0
0
0
0
0
0
0
0
0
0
0
0
0
0
0
0
0
0
0
0
0
0
0
0
0
0
0
0
0
0
0
0
0
0
0
0
0
0
0
0
0
0
0
0
0
0
0
0
0
0
0
0
0
0.03995936112912783
0
0
0
0
0
0
0
0
0
0
0
0
0
0
0
0
0
0
0
0
0
0
0
0
0
0
0
0.009985032494143783
0
0
0
0
0.00542408096316094
0
0
0
0
0
0
0
0
0
0
0
0
0
0
0
0
0
0
0
0
0
0
0
0
0
0
0
0.014207748162215695
0
0
0
0
0
0
0
0
0
0
0
0
0
0
0.018231233453290294
0
0
0
0
0
0
0
0
0.009977528302136362
0
0
0
0
0
0
0
0
0
0
0.005417897394834803
0
0
0
0
0
0
0
0
0
0
0
0
0
0
0
0
0
0
0
0
0
0
0
0
0
0
0.0054261454669274015
0
0
0
0
0
0
0
0
0
0
0
0
0
0
0
0
0
0
0
0
0
0
0
0
0
0
0
0
0
0
0
0
0
0.0054220181179142485
0
0
0
0
0
0
0
0
0
0
0
0.00542408096316094
0
0
0
0
0
0
0
0
0
0
0
0
0
0
0
0
0
0
0
0
0
0
0
0
0
0
0
0
0
0
0
0
0
0
0
0
0
0
0.0054406436036920835
0
0
0
0
0
0
0
0
0
0
0
0
0
0
0
0
0
0
0
0
0
0
0
0
0.005444800972048999
0
0
0
0
0
0
0
0.005448965056727452
0.0054468821738109545
0
0
0
0.005448965056727452
0.005448965056727452
0
0
0
0.0054468821738109545
0
0
0
0
0
0
0
0
0
0
0
0
0
0
0
0
0
0
0
0
0
0
0
0
0
0
0
0
0
0
0
0
0
0
0.005432348949769826
0.005434420108056273
0
0
0
0
0
0
0.010007617092688973
0
0
0
0
0
0
0
0
0
0
0
0
0.005430279458186236
0
0
0
0
0
0
0
0
0
0
0
0
0
0
0
0
0
0
0
0
0
0
0
0
0
0
0
0
0
0
0
0
0
0
0
0
0
0
0
0
0
0
0
0
0
0
0
0
0
0
0
0
0
0
0
0
0
0
0
0
0
0
0
0
0
0
0
0
0
0
0
0.005434420108056273
0
0
0
0
0
0
0
0
0
0
0
0
0
0
0
0
0
0
0
0
0
0
0
0
0
0
0
0
0
0
0
0
0
0
0
0
0
0
0
0
0
0
0
0
0
0
0
0
0
0
0
0
0
0
0
0
0.005417897394834803
0
0.005417897394834803
0
0
0
0
0
0
0
0
0
0
0
0
0
0
0
0
0.005417897394834803
0
0
0
0
0
0
0.005415839512937639
0
0
0
0
0
0
0
0
0.05628092227221206
0
0
0
0
0
0
0
0
0
0
0.0054364929350997696
0
0
0
0
0
0
0
0
0
0
0
0
0
0
0
0
0
0
0.005453135874340077
0.0054468821738109545
0
0
0
0
0
0
0
0
0
0
0
0
0
0
0
0
0
0
0
0
0
0
0
0.04329927116756815
0
0.04684582724998895
0
0
0
0
0.0183742921995041
0
0
0
0
0
0
0
0
0
0
0
0
0
0
0
0
0
0
0
0
0
0
0
0
0
0
0.005459404761486476
0
0
0
0
0
0
0.005459404761486476
0
0
0
0
0
0
0
0
0
0
0
0.010079855634849531
0
0
0
0
0
0
0
0
0
0
0.005471988321868283
0
0
0
0
0
0
0
0
0
0
0
0
0
0
0
0
0
0
0
0
0
0
0
0
0
0
0
0
0
0
0
0
0
0
0
0
0
0
0
0
0
0
0
0
0
0
0
0
0
0.005467786998983655
0
0
0
0.014352291957672965
0
0
0
0
0
0
0
0
0
0
0
0
0
0
0
0
0.005465688891738497
0
0
0
0
0
0
0
0
0
0
0
0
0
0
0
0
0
0
0
0
0
0
0
0
0
0
0
0.005453135874340077
0.010041697965930109
0
0
0
0
0
0
0
0.005453135874340077
0
0
0
0
0
0
0
0
0
0
0
0
0
0
0
0
0
0
0.014271605755470797
0
0.005442721449366375
0
0
0
0
0
0
0
0
0
0.010030310344454502
0
0
0
0
0
0
0
0
0
0
0
0
0
0
0.005438567432958053
0
0
0
0
0
0
0
0
0
0
0
0
0
0
0
0
0
0
0
0
0
0
0
0.0054364929350997696
0
0
0
0
0
0
0
0
0
0
0
0
0
0
0.005438567432958053
0
0
0
0
0
0
0
0
0
0
0
0
0
0
0
0
0
0
0
0
0
0
0
0
0
0
0
0
0
0
0
0
0
0
0
0
0.005428211631254524
0
0
0
0
0
0
0
0
0
0
0
0
0
0
0
0
0
0
0
0
0
0
0
0.005430279458186236
0
0
0
0
0
0
0
0.005434420108056273
0
0.005432348949769826
0
0.005432348949769826
0
0
0
0
0
0
0
0
0
0
0
0
0
0
0
0
0
0
0
0
0
0.01424492434769859
0
0.005430279458186236
0
0
0
0
0
0.005432348949769826
0
0
0
0
0
0
0
0
0
0.010856156489501648
0
0
0
0
0.0054261454669274015
0
0
0
0
0
0.005432348949769826
0
0.01000384546913935
0
0.005432348949769826
0.01000384546913935
0
0
0
0
0
0
0
0
0
0
0
0
0
0
0
0
0
0
0
0
0
0
0
0
0
0
0
0
0
0
0
0
0
0
0
0
0
0
0
0
0
0
0
0
0
0
0
0
0
0
0
0
0
0
0
0
0
0
0
0
0
0
0
0
0.0054261454669274015
0
0
0
0
0
0
0
0
0
0
0
0
0
0
0
0
0
0
0
0
0
0
0
0
0
0
0
0
0
0
0
0
0
0
0
0
0
0
0
0
0
0
0
0
0
0
0
0
0
0
0
0.0054364929350997696
0.005434420108056273
0
0
0
0
0.014266260970003677
0
0
0
0
0
0.010015169397872167
0
0
0
0
0
0
0
0
0
0
0
0
0
0
0
0
0
0
0
0
0.0054468821738109545
0
0
0
0
0
0
0
0
0
0
0
0
0
0
0.010943704986581728
0.005469886808322483
0.005465688891738497
0
0
0
0
0
0
0
0
0
0
0
0
0
0
0
0
0
0
0.0054994640487851685
0
0.005495218056470404
0
0
0.005490978983533644
0
0.005486746812740287
0.005486746812740287
0
0
0.005490978983533644
0
0
0
0
0
0
0
0
0
0
0
0
0
0
0
0
0
0
0
0
0
0
0
0
0
0
0
0
0
0
0
0
0
0
0
0
0
0
0
0
0
0
0
0
0
0
0
0
0
0
0
0
0
0
0
0
0
0
0
0
0.005503716977770644
0
0.0054994640487851685
0
0
0
0
0
0.0055058460489347556
0.00549734018662597
0.00549734018662597
0
0
0
0.010091363008489524
0
0
0.005478303108933269
0
0
0
0.010091363008489524
0
0.010083688331434321
0
0
0
0
0
0
0
0
0
0
0
0
0.03333157524514318
0
0
0
0
0
0.005463592484477515
0
0
0
0
0
0
0
0
0
0
0
0.005471988321868283
0
0
0.022328831140431805
0
0
0
0
0.005469886808322483
0
0
0
0.00546149777509436
0
0
0
0
0
0
0
0
0
0
0
0
0
0
0
0
0
0
0
0
0
0
0
0
0
0
0
0
0
0
0
0
0
0
0
0
0
0
0
0
0
0
0.0054220181179142485
0
0
0
0
0.005417897394834803
0
0.005417897394834803
0.005417897394834803
0.005419956929150268
0
0
0
0
0
0
0.010839648000661901
0
0
0
0
0.0054220181179142485
0
0
0.0054220181179142485
0
0.0054220181179142485
0
0
0.0054220181179142485
0
0
0
0
0
0
0
0
0
0
0
0
0
0
0
0
0
0
0
0
0
0
0
0
0
0
0
0
0
0
0
0
0
0
0
0
0
0
0
0
0
0
0
0
0
0
0
0
0
0
0
0.005467786998983655
0
0
0.00546149777509436
0
0
0
0
0
0
0
0
0.005469886808322483
0
0
0
0
0
0
0
0.005474091541737993
0
0
0
0
0
0
0
0
0
0
0
0
0
0.005476196470051572
0
0
0
0
0
0
0
0
0
0
0
0
0
0
0
0
0
0
0
0
0
0
0
0
0
0
0
0
0
0
0
0
0
0
0
0
0
0
0
0
0
0
0
0
0
0
0.005490978983533644
0
0
0
0
0
0
0
0
0
0
0
0
0
0.005480411460510043
0
0
0
0
0
0
0
0
0
0
0
0
0
0
0
0
0
0
0
0
0
0
0
0
0
0
0
0
0
0
0
0
0
0
0
0
0
0
0
0
0
0
0.005471988321868283
0
0
0
0
0
0
0
0
0
0
0
0
0
0
0
0
0.005476196470051572
0
0
0
0
0
0
0
0
0
0
0
0
0
0
0
0
0
0
0
0
0
0
0
0
0
0
0
0
0
0
0.0054364929350997696
0
0
0
0.005409675761499427
0
0
0
0
0
0
0
0
0
0
0.005407624469036198
0
0
0
0
0
0
0
0
0
0
0
0
0
0
0
0
0
0
0
0
0
0
0
0
0
0
0
0
0
0
0
0
0
0
0
0
0
0
0
0
0
0
0
0
0.00996629442047685
0
0.00997378069105074
0
0
0
0
0
0.005409675761499427
0
0
0
0
0
0
0
0
0
0
0
0
0
0
0
0
0
0
0
0
0
0.009958820061117153
0
0
0
0
0
0
0
0
0
0
0.005409675761499427
0
0
0
0
0
0
0
0
0
0
0
0
0
0
0
0
0
0
0
0
0
0
0
0
0
0
0
0
0
0
0
0
0
0
0
0
0
0
0
0
0
0
0
0
0
0
0
0.005407624469036198
0
0
0
0
0
0
0
0
0
0
0
0
0
0
0.009951357583957302
0
0
0
0
0
0
0
0
0
0
0
0
0
0
0
0
0
0
0
0
0
0
0
0
0
0
0
0
0
0
0
0
0
0.005405574818888628
0.005405574818888628
0
0
0
0
0
0
0
0
0
0
0
0
0
0
0
0
0
0
0
0
0
0
0
0
0
0
0
0
0
0
0
0
0
0
0.005401480437501262
0
0
0
0
0
0
0
0
0
0
0
0
0
0
0
0
0
0.005399435702250583
0
0
0
0
0
0
0
0
0
0
0
0
0
0
0
0
0
0
0
0
0
0
0
0
0.009947630792161306
0
0
0
0
0
0
0
0
0
0
0
0
0
0
0
0
0
0
0
0
0
0
0
0
0
0
0
0
0
0
0
0
0
0
0
0
0
0
0
0
0
0
0
0
0
0
0
0
0
0
0
0
0
0
0
0
0
0
0
0
0
0
0
0
0
0
0
0.005403526809046091
0
0
0
0
0
0
0
0
0
0
0
0
0
0
0
0
0
0
0
0
0
0
0
0
0
0
0
0
0
0
0
0
0
0
0
0
0
0
0
0
0
0
0
0
0
0
0
0
0
0
0
0
0
0
0
0
0
0
0
0.009962555753710845
0
0
0
0
0
0
0
0
0
0
0
0
0
0
0
0
0
0
0
0
0
0
0
0
0
0
0
0
0
0.009955087339072062
0
0
0
0
0
0
0
0.005411728698292086
0
0
0
0
0
0
0
0
0
0
0
0
0
0
0
0.005413783281431251
0
0
0
0
0
0
0
0
0.014197164275663946
0
0
0
0
0
0
0
0
0
0
0
0
0
0
0
0
0.005430279458186236
0
0
0
0
0
0
0
0
0
0
0
0
0
0
0
0
0
0
0
0
0
0
0
0
0
0
0
0.005415839512937639
0
0
0
0
0
0
0.005415839512937639
0
0
0
0
0
0
0
0
0
0
0
0
0
0
0
0.005417897394834803
0
0
0
0
0
0
0
0
0
0.01823799191383145
0
0.005417897394834803
0
0
0
0
0
0
0
0
0
0
0
0
0
0
0
0.009970036065044796
0
0
0
0
0
0
0
0
0
0
0
0
0
0
0
0
0
0
0
0
0
0
0
0
0
0
0
0
0
0
0
0
0
0
0
0
0
0
0
0
0
0
0
0
0
0
0
0
0
0
0.005411728698292086
0
0
0
0
0
0
0
0
0
0
0
0
0
0
0
0
0
0
0.005417897394834803
0
0
0
0
0
0
0
0
0
0
0
0
0
0.005413783281431251
0
0
0
0
0
0
0
0
0
0
0
0
0
0
0
0
0
0
0
0
0
0
0.005397392601293146
0
0
0.005397392601293146
0
0
0
0
0
0
0
0
0
0
0
0
0
0
0
0
0
0
0
0
0
0
0.005397392601293146
0
0
0
0
0
0
0
0
0
0
0
0
0
0
0
0
0.005397392601293146
0
0
0
0.005397392601293146
0
0
0.005397392601293146
0
0
0
0
0
0
0
0
0
0
0.005397392601293146
0
0
0
0
0
0
0
0
0
0.00994018608410673
0
0
0
0
0
0
0
0
0
0
0.005397392601293146
0
0
0
0
0
0
0.005397392601293146
0
0.005399435702250583
0
0
0
0
0
0
0
0
0
0
0
0
0
0
0
0
0
0
0
0
0
0
0
0
0
0
0
0
0
0
0
0
0
0
0
0
0
0
0
0
0
0
0
0
0
0
0.005401480437501262
0.005401480437501262
0
0
0
0
0
0
0
0
0
0
0
0
0
0
0
0
0
0
0
0
0
0
0
0
0
0
0
0
0
0
0
0.005399435702250583
0.005399435702250583
0
0
0
0
0
0
0
0
0
0
0
0
0
0
0
0
0
0
0
0
0
0
0
0
0
0
0
0
0
0.014160252398140047
0
0
0
0
0
0
0
0
0
0
0
0
0
0
0
0
0
0
0
0
0
0
0
0
0
0
0
0
0
0
0
0
0
0
0
0
0
0
0
0
0
0
0
0
0
0
0
0
0
0
0
0
0
0
0
0
0
0
0
0
0
0
0
0
0
0
0
0
0
0
0.005397392601293146
0
0
0
0
0
0
0
0
0
0
0
0
0
0
0
0
0
0
0.018197521093849384
0
0
0
0
0
0
0
0
0
0
0
0
0
0
0
0
0
0
0.005401480437501262
0
0
0
0
0
0
0
0
0
0
0.005411728698292086
0
0
0
0.005411728698292086
0
0
0
0
0
0
0
0.005413783281431251
0
0
0
0
0
0
0
0
0
0
0
0
0
0
0
0
0
0
0
0
0
0
0
0
0
0
0
0
0
0
0
0
0
0
0
0.005413783281431251
0
0
0
0
0
0
0
0
0
0
0
0
0
0
0
0
0.005415839512937639
0.005415839512937639
0
0
0
0
0
0
0
0
0
0
0
0
0
0
0
0
0
0
0
0
0
0
0
0
0
0
0
0
0
0
0
0
0.014207748162215695
0
0
0
0
0
0
0
0
0
0
0
0
0
0
0
0
0
0
0
0
0
0
0
0
0
0
0
0
0
0
0
0
0
0
0
0.005415839512937639
0
0
0
0
0
0
0
0
0
0
0
0
0
0
0
0
0
0
0
0
0
0
0
0
0
0
0
0
0
0
0
0
0
0
0
0
0
0
0
0
0
0
0
0
0
0
0
0
0
0
0
0
0
0
0
0
0
0
0
0
0
0
0
0
0
0
0
0
0
0
0
0
0
0
0
0
0
0
0
0
0
0
0
0
0
0
0
0
0
0
0
0
0
0
0
0
0
0
0
0
0
0.005415839512937639
0
0
0
0
0
0.005413783281431251
0
0
0
0
0
0
0
0
0
0
0
0
0
0
0
0
0
0
0
0
0
0
0
0
0
0
0
0
0
0
0
0
0.005409675761499427
0
0
0.014191878620270033
0
0
0
0
0
0
0
0
0
0
0
0
0
0
0
0
0
0
0
0
0
0
0
0
0
0
0
0
0
0
0
0
0
0
0
0
0
0
0
0
0
0
0
0
0
0
0
0
0.019571466452378426
0
0.05593957677301206
0
0
0
0
0
0
0
0
0.01081908680296138
0
0
0
0
0
0.009958820061117153
0
0
0
0
0
0
0
0
0
0
0
0
0.005407624469036198
0
0
0
0
0
0
0
0
0
0
0
0
0
0
0
0
0
0
0
0
0
0
0
0
0
0
0
0
0
0
0
0
0
0
0
0
0
0
0
0
0
0
0
0
0
0
0
0
0
0
0
0
0
0
0
0
0
0
0
0
0
0
0
0
0
0
0
0
0
0
0
0
0
0
0
0
0
0
0
0
0
0
0
0
0
0.00996629442047685
0.005411728698292086
0
0
0
0
0
0
0
0
0
0
0
0
0
0.8026282646161927
0
0
0
0
0
0
0
0
0
0
0
0
0
0
0
0
0
0.005415839512937639
0
0
0
0
0
0
0
0
0
0
0
0
0
0
0
0
0
0
0
0
0
0
0
0
0
0
0
0
0
0
0
0
0
0
0
0
0
0
0
0
0
0
0
0
0
0
0
0
0
0
0
0
0
0
0
0
0
0
0
0
0
0
0
0
0
0
0
0
0
0
0
0
0
0
0
0
0
0
0
0.005407624469036198
0
0
0
0
0
0
0
0.005403526809046091
0
0
0
0
0
0
0
0
0
0
0
0
0
0
0
0
0
0
0
0
0
0
0.0053953511326319615
0
0
0
0
0.005397392601293146
0
0
0
0
0
0
0
0
0
0
0
0
0
0
0
0
0
0
0
0
0
0
0
0
0
0
0
0
0.005399435702250583
0
0
0
0
0
0
0
0
0
0
0
0
0
0
0
0
0
0
0
0
0
0
0
0
0
0
0
0
0
0
0
0
0
0
0
0.005457313441554602
0
0
0
0
0
0.005459404761486476
0
0
0
0
0
0
0
0
0
0
0
0
0
0
0
0.010041697965930109
0
0
0
0
0
0
0
0
0
0.005451049622876637
0
0
0
0
0
0
0
0
0
0
0
0
0.005453135874340077
0
0
0
0
0
0
0
0.005453135874340077
0
0
0
0
0
0
0
0
0
0
0
0
0
0
0.005453135874340077
0.005453135874340077
0
0
0
0
0
0
0
0
0
0
0
0
0
0
0
0
0
0
0
0
0
0
0
0
0
0
0
0
0
0
0
0
0
0
0
0
0
0
0
0
0
0
0
0
0
0
0
0
0
0
0
0
0
0
0
0
0
0
0
0
0.005457313441554602
0
0
0
0
0
0
0
0
0
0
0
0
0
0
0
0
0
0
0
0
0
0
0
0
0
0
0
0
0
0.005455223813203254
0
0
0
0
0
0
0
0
0
0
0
0
0
0
0
0.005453135874340077
0
0.005453135874340077
0
0
0
0
0
0
0
0
0
0
0.005457313441554602
0
0
0
0
0
0
0
0
0
0.01004549993809487
0
0
0
0
0
0
0
0
0
0
0
0
0
0
0
0
0
0
0
0.005459404761486476
0
0
0
0.015511977200744882
0
0
0
0.005453135874340077
0.005453135874340077
0
0
0
0
0
0
0
0
0
0
0
0
0
0.08410218931232354
0
0
0.005448965056727452
0
0
0
0
0
0
0
0
0
0
0
0.005389236500500484
0
0
0
0
0
0
0
0
0
0
0
0
0
0
0
0
0
0
0
0
0.005399435702250583
0
0
0
0
0
0
0
0
0
0
0
0
0.005409675761499427
0
0.005417897394834803
0
0
0
0
0
0
0
0
0
0
0
0
0
0
0
0
0
0
0
0
0
0
0
0
0
0
0
0
0
0
0
0
0
0
0
0
0
0
0
0.005457313441554602
0
0
0
0
0.005459404761486476
0
0
0.005455223813203254
0
0.005455223813203254
0
0
0
0
0
0
0
0
0.005457313441554602
0
0
0
0
0
0
0
0
0
0
0
0
0
0
0
0
0
0
0
0.005459404761486476
0
0
0
0
0
0
0.005459404761486476
0
0
0
0
0
0.00546149777509436
0
0
0
0.00546149777509436
0
0
0
0
0
0
0
0
0
0
0
0
0
0
0
0
0
0
0
0
0
0
0
0
0
0
0
0
0
0
0
0
0
0
0
0
0
0
0
0
0
0
0
0
0.005453135874340077
0
0
0
0
0
0
0
0
0
0
0
0
0
0
0.015500184072896061
0
0
0
0
0
0
0.005457313441554602
0.022270676505959514
0
0
0.005457313441554602
0.010049304965687426
0
0.005457313441554602
0.04686284278543211
0
0
0
0
0
0
0
0
0
0
0
0
0
0
0
0
0
0
0
0
0
0
0
0
0
0
0
0
0.014319901258657706
0
0
0.07999473234371957
0
0.018197521093849384
0
0
0
0.009958820061117153
0
0
0
0
0
0
0
0.005403526809046091
0
0
0
0
0
0
0
0
0
0
0
0
0
0
0
0
0
0
0
0.005397392601293146
0
0
0.029381730715877095
0
0
0
0
0
0
0
0
0
0
0
0
0
0
0
0
0
0
0
0.005393311294272676
0
0
0
0
0
0
0
0
0
0
0
0
0
0
0
0
0
0
0
0
0
0
0
0
0
0
0.005397392601293146
0
0
0
0.005391273084224685
0
0
0
0
0
0
0
0
0.005387201541115994
0
0
0
0
0
0
0
0
0
0
0
0
0
0
0
0
0
0.0053953511326319615
0
0
0
0
0
0
0
0
0
0
0
0
0
0
0
0
0
0
0
0
0
0
0
0
0
0
0
0
0
0
0
0
0
0
0
0
0
0
0
0
0
0.015331292901587445
0
0
0
0
0
0
0
0
0
0
0
0
0
0
0
0
0
0
0
0
0
0
0
0
0
0
0
0
0
0
0
0
0
0
0
0
0
0
0
0
0
0
0
0
0
0
0
0
0
0
0
0
0
0
0
0
0
0
0.0053953511326319615
0
0
0
0
0
0
0
0
0
0
0.005391273084224685
0.005393311294272676
0
0
0
0
0
0
0
0
0
0
0
0
0
0
0
0
0
0
0
0
0
0
0
0
0
0
0
0
0
0
0
0
0
0
0
0
0
0.005391273084224685
0
0
0
0
0
0
0
0
0
0
0
0
0
0
0
0
0
0
0
0
0
0
0
0
0
0
0
0
0
0
0
0.005387201541115994
0
0
0
0
0
0
0
0
0.005387201541115994
0
0
0
0
0
0
0
0
0
0
0
0
0
0
0
0
0
0.005385168204090219
0
0
0
0
0
0
0
0
0
0
0
0
0
0
0
0
0
0
0
0
0
0
0
0
0
0
0
0
0
0.005391273084224685
0
0
0
0.005391273084224685
0
0
0
0
0
0
0
0
0
0
0
0
0
0
0
0
0
0
0
0
0.005393311294272676
0
0
0
0
0
0
0
0
0
0
0
0
0
0
0
0
0
0
0
0
0
0
0
0
0
0
0
0
0
0
0
0
0.0053953511326319615
0
0
0
0.005393311294272676
0
0
0
0
0
0
0
0
0
0
0
0
0
0
0
0
0
0
0
0
0
0
0
0
0
0
0
0
0
0.018143856894755082
0
0
0
0
0
0
0.00991792270577669
0
0
0
0
0
0
0
0
0
0
0
0
0
0
0
0
0
0
0
0.005387201541115994
0
0
0
0
0
0
0
0
0
0
0.049507712591606856
0
0
0
0
0.009925332069550593
0
0
0
0
0
0
0
0
0
0
0
0
0
0
0
0
0
0
0
0
0
0
0
0
0
0
0
0
0
0
0
0
0
0
0
0
0
0
0
0
0
0
0
0
0
0
0
0
0
0
0
0
0
0
0
0
0
0
0
0
0
0.010774140839357103
0
0
0
0
0
0
0.005387201541115994
0
0.005387201541115994
0
0
0
0
0
0
0
0
0
0
0
0
0
0
0
0
0
0
0
0
0
0
0
0
0
0
0
0
0
0
0
0
0
0
0
0
0
0
0
0
0
0
0
0
0.005391273084224685
0
0
0
0
0
0
0
0
0
0
0
0
0
0.08791880512310112
0
0
0
0
0
0
0
0.005387201541115994
0
0
0
0
0
0
0
0
0
0
0.005385168204090219
0
0
0
0
0
0
0
0
0
0
0
0
0.014134011515938108
0
0
0
0
0
0
0
0
0.018143856894755082
0
0
0
0
0
0
0
0
0
0
0
0
0
0
0
0
0
0
0
0
0
0
0
0
0
0
0
0
0
0
0
0
0
0
0
0
0
0
0
0
0
0
0
0
0
0
0
0
0
0
0
0
0
0
0
0
0
0
0
0
0
0
0
0
0
0
0
0
0
0
0
0
0
0
0
0
0
0
0
0
0
0
0
0
0
0
0
0
0
0.005385168204090219
0
0
0
0
0
0
0
0
0
0
0
0
0
0
0
0
0
0
0
0
0
0
0
0.005385168204090219
0
0
0
0
0
0
0
0
0
0
0
0
0.014139251412969449
0
0
0
0
0
0
0
0
0
0
0
0
0
0
0
0
0
0
0
0
0
0
0
0
0
0
0
0
0
0
0
0
0
0
0
0
0
0
0
0
0
0
0
0
0
0
0
0
0
0
0
0
0
0.014139251412969449
0
0
0
0.14643954812383725
0
0
0
0
0
0
0
0
0
0
0
0
0
0
0
0
0
0
0
0
0
0
0
0
0
0
0
0
0
0
0
0
0
0
0
0
0
0
0
0
0
0
0
0
0
0.005381106389207234
0
0
0
0
0
0
0
0
0
0
0
0
0
0
0
0
0
0
0
0
0
0
0
0
0
0
0
0
0
0
0
0
0
0.005379077907404407
0
0
0
0
0
0
0
0
0
0
0
0
0
0
0
0
0
0
0
0
0
0
0
0
0
0
0
0
0
0
0
0
0
0
0
0
0
0
0
0
0
0
0
0
0
0
0.021968582747716847
0
0
0
0
0
0.005389236500500484
0
0
0
0
0
0
0
0
0
0
0
0
0
0
0
0
0
0
0
0
0
0
0
0.005397392601293146
0
0
0
0
0
0
0
0
0
0
0
0
0
0
0
0
0
0
0
0.005397392601293146
0
0
0
0
0
0
0.005397392601293146
0
0
0
0
0
0
0
0
0
0
0
0
0
0
0
0.005397392601293146
0
0
0
0
0
0
0
0
0.005389236500500484
0.005389236500500484
0
0
0
0
0
0
0
0.005393311294272676
0
0
0
0
0
0
0
0.005391273084224685
0
0
0
0
0
0
0
0
0
0
0
0
0
0
0
0
0
0
0
0
0
0
0.005389236500500484
0
0
0
0
0
0
0
0
0
0.009932753186130832
0
0
0
0
0
0
0
0
0
0
0
0
0
0
0
0
0
0
0
0
0
0.005389236500500484
0.005389236500500484
0
0
0
0
0
0
0
0
0
0
0
0
0
0
0
0
0
0
0
0
0
0
0
0
0
0.005385168204090219
0.00991792270577669
0
0
0
0
0
0
0
0
0.005389236500500484
0
0
0
0
0
0
0
0
0
0
0
0
0
0
0
0
0
0
0
0
0
0
0
0
0
0
0
0
0
0
0
0
0
0
0
0
0
0
0
0
0
0
0
0
0
0
0
0
0
0
0
0
0
0
0
0
0
0
0
0
0
0
0
0
0
0
0
0
0
0
0.005387201541115994
0
0
0
0
0
0
0
0
0
0
0
0
0
0
0
0.009925332069550593
0
0
0
0
0
0
0
0
0
0
0
0
0.022000819101102357
0
0
0
0
0
0
0
0
0
0
0
0
0
0
0
0
0
0
0
0
0
0.0053953511326319615
0.0053953511326319615
0
0
0.0053953511326319615
0
0
0
0.0141549959322606
0
0
0
0
0
0
0
0
0
0
0
0
0
0
0
0
0
0.009925332069550593
0
0
0
0
0
0
0
0
0
0
0.005391273084224685
0
0
0
0
0
0
0
0
0
0
0
0
0
0
0
0
0
0.005391273084224685
0
0
0
0
0
0
0.005387201541115994
0
0
0
0
0
0
0
0
0.005389236500500484
0
0.005387201541115994
0
0
0
0
0
0
0
0
0
0
0
0
0
0
0
0
0
0
0
0
0
0
0
0
0
0
0
0
0
0
0
0
0
0.005389236500500484
0
0
0
0
0
0
0
0
0
0
0
0
0
0
0
0
0
0
0
0
0
0
0
0
0
0
0
0
0
0
0
0
0
0
0
0.005393311294272676
0
0
0
0
0
0.005393311294272676
0
0
0
0
0
0
0
0
0
0
0
0
0
0
0
0
0
0
0
0
0
0
0
0
0
0
0
0
0
0
0
0
0
0
0
0
0
0
0
0
0
0
0
0
0
0
0
0
0
0
0
0
0
0
0
0
0
0
0
0
0
0
0
0
0
0
0
0
0
0.005391273084224685
0
0
0
0
0
0
0
0
0
0
0
0
0
0
0
0
0.005389236500500484
0
0
0.005389236500500484
0
0
0
0
0
0
0
0
0
0
0
0
0
0
0
0
0
0
0
0
0
0
0
0
0
0
0
0
0
0.005379077907404407
0
0
0
0
0
0
0
0
0
0.005383136487445414
0
0
0
0
0
0
0
0
0
0
0
0
0
0
0
0
0
0
0
0
0
0
0
0
0.0053953511326319615
0
0
0
0.005391273084224685
0
0
0.03476453627604267
0
0
0
0
0
0
0
0
0.6016476920565494
0
0
0
0
0
0
0
0
0
0
0
0.005399435702250583
0
0
0
0
0
0
0
0.005397392601293146
0
0
0
0
0
0.01815054646081682
0
0
0
0
0
0
0
0
0
0
0
0
0
0
0
0
0
0
0
0
0
0
0
0
0
0
0
0
0
0
0
0
0
0
0
0
0
0
0
0
0
0
0
0
0
0
0
0
0
0
0
0.005385168204090219
0
0
0
0
0
0
0
0
0
0.005385168204090219
0
0
0
0
0
0
0
0
0
0
0
0
0
0
0
0
0
0
0
0.005403526809046091
0
0
0
0
0
0
0
0
0
0
0
0
0
0
0
0
0
0
0
0
0
0
0
0
0
0
0
0
0.005401480437501262
0.005401480437501262
0
0
0.005403526809046091
0
0
0
0
0
0
0
0.005405574818888628
0
0.005405574818888628
0
0
0
0
0
0
0
0
0
0
0
0
0
0
0
0
0
0
0
0
0
0
0
0
0
0
0
0
0
0
0
0
0
0
0
0
0
0
0
0
0
0
0
0
0
0
0
0
0
0
0
0
0
0
0
0
0
0
0
0
0
0
0
0
0
0
0
0
0
0
0
0
0
0
0
0.0053953511326319615
0
0
0
0
0
0
0
0
0
0.009929041156955257
0.005391273084224685
0.005391273084224685
0
0
0
0
0
0
0
0
0
0
0
0
0
0
0
0
0
0
0
0
0
0
0
0
0
0
0
0
0
0
0
0
0
0
0
0
0
0
0
0
0
0
0
0
0
0
0
0
0
0
0
0
0
0
0
0
0
0
0
0
0
0
0
0
0
0
0
0
0
0
0
0
0
0
0
0
0
0
0
0
0
0
0
0
0
0
0.005375025785236352
0.025651946800986897
0
0.005375025785236352
0
0
0
0
0.005375025785236352
0
0
0
0
0
0
0
0
0
0
0
0
0.021944471611627176
0
0
0
0
0
0
0
0.025698736260899763
0
0
0
0
0
0
0
0
0.005381106389207234
0.005381106389207234
0
0
0
0
0
0
0
0
0
0
0
0
0
0
0
0
0
0
0
0
0
0.005375025785236352
0
0
0
0
0
0
0
0
0
0
0
0
0
0
0
0
0
0
0
0
0
0
0
0
0
0
0
0
0
0
0
0
0
0
0
0
0
0
0
0
0
0
0
0.00992162592034602
0
0
0
0
0
0
0
0
0
0
0
0
0.005385168204090219
0.005385168204090219
0
0
0
0
0
0
0
0
0
0.005391273084224685
0
0
0
0
0
0
0
0
0
0
0
0
0
0.005385168204090219
0
0.005383136487445414
0.005383136487445414
0
0.005387201541115994
0
0
0
0
0
0.005385168204090219
0
0
0
0
0
0
0
0
0.009925332069550593
0
0
0
0
0
0
0
0
0
0
0
0
0
0
0
0
0
0
0
0
0
0
0.005387201541115994
0
0
0
0
0
0
0
0
0
0
0
0
0
0
0
0
0
0
0
0
0
0
0
0
0
0
0
0
0
0
0
0
0
0
0
0
0
0
0.005385168204090219
0
0.005383136487445414
0
0
0
0
0
0
0
0
0
0
0
0
0
0
0
0
0
0
0
0
0
0
0
0
0
0
0
0
0
0
0
0
0
0
0
0
0
0.005387201541115994
0
0
0
0
0
0
0
0
0
0
0
0
0
0
0
0
0
0
0
0
0
0
0
0
0
0
0
0
0
0.025717503213973474
0
0
0.005391273084224685
0
0.005391273084224685
0
0
0
0
0
0
0
0
0
0
0
0
0
0
0
0.005391273084224685
0
0
0
0
0
0
0
0
0
0
0
0
0
0
0
0
0
0
0
0
0
0
0
0
0.005391273084224685
0
0
0
0
0.005389236500500484
0
0
0
0
0
0
0
0
0.005389236500500484
0
0
0
0
0
0
0
0
0
0
0
0
0
0
0
0
0
0.009929041156955257
0
0
0
0
0
0
0
0
0
0
0
0
0
0
0
0
0
0
0
0
0
0
0
0
0
0
0
0
0
0
0
0
0
0
0
0
0
0
0
0
0
0
0
0
0
0
0
0
0
0
0.009951357583957302
0
0
0
0
0
0.014181319859798376
0
0
0.005405574818888628
0
0
0
0
0
0
0
0
0
0
0
0
0
0
0
0
0
0
0
0
0
0
0
0
0
0
0
0
0
0
0
0
0
0
0
0
0
0
0
0
0
0
0
0
0
0
0
0
0
0
0
0
0
0
0
0
0
0
0
0
0
0
0
0
0
0
0
0
0
0
0
0
0
0.022008893985009475
0
0
0.005391273084224685
0
0
0
0
0
0
0
0
0
0
0
0
0
0
0
0.009925332069550593
0
0
0
0
0
0
0
0
0
0
0
0.0053953511326319615
0
0
0.005393311294272676
0
0
0
0
0
0.010778210534369356
0
0
0
0
0
0.005391273084224685
0
0
0
0
0
0
0
0
0
0
0
0
0
0
0
0
0
0
0
0
0
0
0
0
0
0
0
0
0
0
0
0
0
0
0
0
0
0
0
0
0
0
0
0
0
0
0
0
0
0
0
0.005389236500500484
0
0
0
0
0
0
0
0
0
0
0
0
0
0
0
0
0
0
0
0
0
0
0
0
0
0
0
0
0
0
0
0
0
0
0.005375025785236352
0
0
0
0
0
0
0
0
0
0
0
0
0
0
0
0
0
0
0.009903139122757464
0
0
0
0
0.005381106389207234
0
0
0
0
0
0
0
0
0
0
0
0
0
0
0
0
0
0
0
0
0
0
0
0
0
0
0
0
0
0
0
0
0
0
0
0
0
0.009899450528094515
0
0
0
0.005373002140944704
0
0
0
0.005377051040069053
0
0
0
0
0
0
0
0
0
0
0
0
0
0
0
0
0
0
0.009906830634318506
0
0
0.005379077907404407
0
0
0
0
0
0
0
0
0
0
0
0
0
0
0
0
0
0
0
0
0
0
0
0
0
0
0
0
0
0
0
0
0
0
0
0
0
0
0
0
0
0
0
0
0
0
0
0
0
0
0
0
0
0
0
0
0
0
0
0
0
0
0
0
0
0
0
0
0
0
0
0.009910525066313174
0
0
0
0
0
0
0
0
0
0
0
0
0
0
0
0
0
0
0
0
0
0
0
0
0
0
0
0
0
0
0
0
0
0
0
0.005383136487445414
0
0
0
0
0
0
0
0
0
0
0
0
0
0
0
0
0
0
0
0
0
0
0
0
0
0
0
0
0
0
0
0
0
0
0
0
0
0
0
0
0
0
0
0
0
0
0
0
0
0
0
0
0
0
0
0
0
0
0
0
0
0
0
0
0
0
0
0
0
0
0
0
0
0
0
0
0
0
0
0
0
0
0
0
0
0
0
0
0
0
0
0
0
0
0
0
0
0
0
0
0.005375025785236352
0
0
0
0
0
0
0.009903139122757464
0
0
0
0
0
0
0.005379077907404407
0
0
0
0
0
0
0
0
0
0
0
0
0
0
0
0
0
0
0
0
0
0
0
0
0
0
0
0
0
0
0
0
0
0.005377051040069053
0
0
0
0
0
0
0
0.005375025785236352
0
0
0
0
0
0
0
0
0
0
0
0.005377051040069053
0
0
0
0
0
0
0
0
0
0
0
0
0
0
0
0
0
0
0
0
0
0
0
0
0
0
0
0
0
0
0
0.005379077907404407
0
0
0
0
0
0
0
0
0
0
0
0
0
0
0
0
0
0
0
0
0
0
0.03107092780104507
0
0
0
0
0
0
0
0
0
0
0
0
0
0
0
0
0
0
0
0
0
0
0
0
0
0
0
0
0
0
0
0
0
0
0
0
0
0
0
0.005393311294272676
0.005393311294272676
0
0
0
0
0
0
0
0
0
0
0
0
0
0
0
0
0
0
0
0
0
0.005391273084224685
0
0
0
0
0
0
0
0
0
0
0
0
0
0
0
0
0.005393311294272676
0
0
0
0
0
0
0.005393311294272676
0
0
0
0
0
0
0
0
0
0
0
0
0
0
0
0
0
0
0
0
0
0
0
0
0
0
0
0
0
0
0
0
0
0
0
0
0
0
0
0
0
0
0
0
0
0
0
0
0
0
0
0
0
0
0
0
0
0.0053953511326319615
0
0
0.022033156667994016
0
0.005393311294272676
0
0
0
0
0
0
0
0
0
0
0
0
0
0
0
0
0
0
0
0
0
0
0
0
0
0
0
0
0
0
0
0
0
0
0
0
0
0
0
0
0
0
0
0
0
0
0
0
0
0
0
0
0
0
0
0
0
0
0
0
0
0
0
0
0
0
0
0
0
0
0
0
0
0
0
0
0
0
0
0
0
0
0
0
0
0
0
0
0
0
0
0
0
0
0
0
0
0
0.009925332069550593
0
0
0
0
0
0
0
0
0
0
0.005379077907404407
0
0
0
0
0
0
0
0
0
0
0
0.009899450528094515
0
0
0
0
0
0
0
0
0
0
0.005375025785236352
0
0
0
0
0
0
0
0
0
0
0
0
0
0
0
0
0
0
0
0
0
0.009903139122757464
0
0
0.005379077907404407
0
0
0
0
0
0
0
0
0
0
0
0
0
0
0
0
0
0
0
0
0
0
0
0
0
0
0
0.005381106389207234
0
0
0
0
0
0
0
0
0
0
0.005383136487445414
0
0
0
0
0
0
0
0
0
0
0
0
0
0
0
0
0
0
0
0
0
0
0
0
0
0
0
0
0.005385168204090219
0
0
0
0
0
0
0
0
0
0
0
0
0
0
0
0
0.005383136487445414
0
0
0
0
0
0
0
0
0
0
0.005383136487445414
0
0
0
0
0
0
0
0
0
0
0
0
0
0
0
0
0
0
0.014113093174896525
0
0
0
0
0
0
0
0
0
0
0
0
0
0
0
0
0
0
0.005389236500500484
0
0
0
0
0
0
0
0.005387201541115994
0
0
0
0
0
0
0
0
0
0
0
0
0
0
0
0
0
0
0
0
0
0
0
0
0
0
0
0
0
0
0
0
0
0
0
0
0
0
0
0
0.005385168204090219
0
0
0
0
0
0.005387201541115994
0
0
0
0
0
0
0
0
0
0
0
0
0
0
0
0
0
0
0
0
0
0
0
0
0
0
0
0
0
0
0
0
0
0
0
0.01412877574860166
0
0
0
0
0
0
0
0
0
0
0
0
0.00991792270577669
0
0
0
0
0
0
0
0
0
0
0
0
0
0
0
0
0
0
0
0
0
0
0
0
0
0
0
0
0
0
0
0.009910525066313174
0
0
0
0
0
0
0
0
0
0
0
0
0
0
0
0
0
0
0
0
0
0
0
0
0
0
0.005383136487445414
0
0
0
0
0
0
0
0
0
0
0
0
0
0
0
0
0
0
0
0
0
0
0
0
0
0
0
0
0
0
0
0
0
0
0
0
0
0
0
0
0.005381106389207234
0
0
0
0
0
0
0.005381106389207234
0
0
0
0
0
0
0
0
0
0
0
0
0
0
0
0
0
0
0
0
0
0
0
0
0
0
0
0
0
0
0
0
0
0
0
0
0
0
0
0
0
0
0
0
0
0
0
0
0.005377051040069053
0.009903139122757464
0
0
0
0
0
0
0
0
0
0
0
0
0
0
0
0
0
0
0
0
0
0
0
0
0
0
0
0
0
0.005377051040069053
0
0
0
0
0
0
0
0
0
0.005377051040069053
0
0
0
0
0
0
0
0
0.010753840951766399
0.005377051040069053
0
0
0
0
0
0
0
0
0
0
0
0
0
0
0
0
0
0
0
0
0
0
0
0
0
0.005379077907404407
0
0
0
0
0
0
0
0
0
0
0
0
0
0
0
0
0
0.009903139122757464
0.005377051040069053
0
0
0
0
0
0
0
0
0
0
0
0
0
0
0
0
0
0
0
0
0
0
0
0
0
0
0
0
0
0
0
0
0
0
0
0
0
0
0
0
0
0
0
0
0
0
0
0
0
0
0
0
0
0
0
0
0
0
0
0
0
0
0
0
0
0
0
0
0
0
0
0
0
0
0
0
0
0
0
0
0
0
0
0
0
0
0.015325538538084547
0
0
0
0
0
0
0
0
0
0
0
0
0
0
0
0
0
0
0.005391273084224685
0
0
0
0
0
0
0
0
0
0
0
0
0
0
0
0
0
0
0
0
0.00558586402814057
0.00558586402814057
0
0.005592459847784892
0.04674829339791786
0
0
0
0
0
0.020629706617382546
0
0
0
0
0
0
0
0
0
0
0
0
0
0
0
0
0
0
0
0
0
0.005596866210725963
0
0
0
0
0
0
0
0
0
0
0
0
0
0
0
0
0
0
0
0
0
0
0
0
0
0
0
0.005594662112718047
0
0
0
0
0
0
0
0
0
0
0
0
0
0
0
0
0
0.015930820621231467
0
0
0
0
0
0
0
0
0
0
0
0
0.010315426825474268
0
0
0.0056079142787579285
0
0.00560348952656974
0
0
0
0
0
0
0.0112022734554541
0
0.010311404858572144
0
0
0.005596866210725963
0.005592459847784892
0
0
0
0
0.005594662112718047
0.005594662112718047
0.005596866210725963
0
0
0.005594662112718047
0
0
0
0.005596866210725963
0
0
0
0
0
0
0
0
0
0
0
0
0
0
0.05797116648793474
0
0.005612346419535356
0
0
0
0
0
0
0
0
0
0.005616785967793007
0
0
0
0
0
0
0
0
0
0
0
0
0
0
0
0
0
0
0
0
0
0
0.0055990721441436814
0
0
0
0
0
0.00560348952656974
0
0
0
0
0
0
0
0
0
0.005621232942487906
0.0056079142787579285
0
0
0
0
0
0
0
0
0
0
0
0
0
0
0
0
0
0
0
0
0
0
0
0
0
0
0
0
0
0
0
0.0055165175585548155
0
0
0
0
0
0
0.005405574818888628
0
0
0
0
0
0
0
0
0
0
0
0
0
0
0
0
0
0
0
0.005385168204090219
0
0
0
0
0
0
0
0
0
0
0
0
0.005385168204090219
0
0
0
0
0.005387201541115994
0
0
0
0
0
0
0
0
0
0
0
0
0
0.005377051040069053
0
0.005381106389207234
0.005381106389207234
0
0.010753840951766399
0
0.015279667794917335
0.015291108197432825
0
0
0
0
0
0.015291108197432825
0.014118316583059273
0
0
0
0
0
0
0
0
0
0
0
0
0
0
0
0
0
0.005379077907404407
0
0
0
0
0
0
0
0
0
0
0
0
0
0
0
0
0
0.054852092506651476
0
0
0
0
0
0
0
0
0
0
0
0
0
0
0
0
0
0.005379077907404407
0
0
0
0
0
0
0
0
0
0
0
0
0
0
0
0
0
0
0
0.005379077907404407
0
0
0
0
0
0
0
0
0
0
0
0.005377051040069053
0
0
0
0
0
0
0
0
0
0
0
0
0
0
0
0
0
0
0
0
0
0
0
0
0
0
0
0
0
0
0
0
0
0
0
0
0
0
0
0
0
0
0
0
0
0
0
0
0
0
0
0
0
0
0
0
0
0
0
0
0
0
0
0
0
0
0
0
0
0
0
0
0
0
0
0
0
0
0
0.005387201541115994
0
0.009914222422283429
0
0
0
0
0
0
0
0
0
0
0
0
0
0
0
0
0
0
0
0
0
0
0
0
0
0
0
0
0
0
0
0
0
0
0
0
0
0
0.005379077907404407
0
0
0
0
0
0
0
0
0
0
0
0
0
0
0
0
0
0
0
0
0.009914222422283429
0
0
0
0
0
0
0.06781273519073858
0
0
0
0
0
0
0
0
0
0
0
0
0
0
0
0.005375025785236352
0
0.021936447121943668
0
0
0
0
0
0
0
0
0
0
0
0
0
0
0
0
0
0
0
0
0
0
0
0
0
0
0
0.005379077907404407
0
0
0
0
0
0
0
0
0
0
0
0
0
0
0
0
0
0
0
0
0
0
0
0
0
0
0
0
0
0
0
0
0
0
0
0
0
0
0
0
0
0
0
0
0
0
0
0
0
0
0
0
0
0
0
0
0
0
0
0
0
0
0
0
0
0
0
0
0
0
0
0
0
0
0
0
0
0
0
0
0
0
0
0
0
0
0.005375025785236352
0
0
0
0
0
0
0
0
0
0
0
0
0
0
0
0
0
0
0
0
0
0
0
0
0
0
0
0
0
0
0
0
0
0
0
0
0
0
0
0
0
0
0
0
0
0
0
0
0
0
0
0
0
0
0
0
0
0.005373002140944704
0
0.005373002140944704
0
0
0
0.009895764846799403
0
0
0
0
0
0
0
0
0
0
0
0
0
0
0
0
0
0
0
0
0
0
0
0
0
0
0
0
0
0
0
0
0
0
0
0
0
0
0
0
0
0
0
0
0
0
0
0
0
0
0
0.005383136487445414
0
0
0
0
0
0
0
0
0.005381106389207234
0
0
0
0
0
0
0
0
0
0
0
0
0
0
0
0
0
0
0
0
0
0
0
0
0
0
0
0
0
0
0
0
0
0
0
0
0
0
0
0
0
0.005379077907404407
0
0
0
0
0
0
0
0
0
0
0
0
0
0
0
0
0
0
0
0
0
0
0
0
0
0
0
0
0
0.005375025785236352
0
0
0
0
0
0
0
0.009899450528094515
0
0
0
0
0
0
0
0
0
0
0
0
0
0
0
0
0
0
0.005373002140944704
0
0
0
0
0
0
0
0
0.005379077907404407
0
0
0
0
0
0
0
0
0
0
0
0
0
0
0.005383136487445414
0
0
0
0
0
0
0
0
0
0
0
0.009910525066313174
0
0
0
0
0
0
0
0
0
0
0
0
0
0
0
0
0
0.005383136487445414
0
0
0
0
0
0
0
0
0
0
0
0
0
0
0
0
0
0
0
0
0
0
0
0
0
0
0
0
0
0
0
0
0
0
0
0
0
0
0
0
0
0
0
0
0
0
0
0
0
0
0
0
0
0.005385168204090219
0
0
0
0
0
0
0
0
0
0
0
0
0.005385168204090219
0.9838947777570899
0
0
0
0
0
0
0
0
0
0
0
0
0
0.005385168204090219
0
0
0
0
0
0
0
0.005383136487445414
0
0.005385168204090219
0
0
0
0
0
0
0
0
0
0
0.005379077907404407
0
0
0
0
0
0
0
0
0
0
0
0
0
0
0
0
0
0
0
0
0
0
0
0
0
0
0
0
0
0
0
0
0
0
0
0
0
0
0
0
0
0
0
0
0
0
0
0
0
0
0
0
0
0
0
0
0.005381106389207234
0
0
0
0
0
0
0
0
0
0
0
0
0
0
0
0
0
0
0
0
0
0
0
0
0
0
0
0
0
0
0
0
0
0
0.005377051040069053
0
0
0
0
0
0
0
0
0
0
0
0
0
0
0
0
0
0
0
0
0
0
0
0
0
0
0
0
0
0
0
0
0
0
0
0
0
0
0
0
0
0
0
0
0
0
0
0
0
0.005379077907404407
0
0
0
0
0
0
0
0
0
0
0
0
0
0
0
0
0
0
0.00991792270577669
0
0
0
0
0
0
0
0
0
0
0
0
0
0
0
0
0.005381106389207234
0
0
0
0.005381106389207234
0
0
0
0
0
0
0
0
0
0
0
0
0.009910525066313174
0
0
0
0
0
0
0
0
0
0
0
0
0
0
0.015302566759323205
0
0
0
0.005385168204090219
0
0
0
0
0
0
0
0
0
0
0
0
0
0
0
0
0
0
0.005387201541115994
0
0
0
0
0
0.005389236500500484
0
0
0
0
0
0.005387201541115994
0
0
0
0
0
0
0
0
0
0
0
0
0
0
0
0
0
0
0.005393311294272676
0
0
0.005391273084224685
0
0
0
0
0
0
0
0
0
0
0
0
0
0.04630826663182597
0
0
0
0
0
0
0
0
0
0
0
0
0
0
0
0.005387201541115994
0
0
0
0
0
0
0
0
0
0
0
0
0
0
0
0
0
0
0
0
0
0
0.005389236500500484
0
0
0
0
0.005391273084224685
0
0
0
0
0.005391273084224685
0
0
0
0
0
0
0
0
0
0
0
0
0.021976632373923305
0
0
0
0
0
0
0
0
0
0
0
0
0
0
0
0
0
0
0.3808317176913334
0
0
0.005379077907404407
0
0
0
0
0
0
0
0
0
0
0
0
0
0
0.005379077907404407
0
0
0
0
0
0
0
0
0
0
0
0
0.005387201541115994
0
0
0
0
0
0
0
0
0
0
0
0
0
0
0
0
0
0
0
0
0
0
0
0
0
0
0
0.005381106389207234
0
0
0
0
0
0
0
0
0
0
0
0
0
0
0
0
0
0
0
0
0
0
0
0
0.005375025785236352
0
0
0
0
0
0
0
0
0
0
0
0
0
0
0
0
0
0.005381106389207234
0
0
0
0
0
0
0
0
0
0
0
0
0
0
0
0
0
0
0
0
0
0
0
0
0
0
0
0
0
0.005385168204090219
0
0
0
0
0
0
0
0
0
0
0
0
0
0
0
0
0
0
0
0
0
0
0
0
0
0
0
0
0
0
0
0
0
0
0
0
0
0
0
0
0
0
0
0
0
0
0
0
0
0
0
0
0
0
0
0
0
0
0
0
0
0
0
0
0
0
0
0
0
0
0
0
0
0
0
0
0
0
0
0.005383136487445414
0
0
0
0
0
0
0
0
0
0
0
0
0
0
0
0
0
0
0
0
0
0
0
0
0
0.005385168204090219
0
0
0
0
0
0
0
0
0
0
0
0
0
0
0
0
0
0
0
0
0
0
0
0
0
0
0
0
0
0
0
0
0
0
0
0
0.005387201541115994
0
0
0
0
0
0
0
0
0
0
0
0
0
0
0
0
0
0
0
0
0.005381106389207234
0
0
0
0
0
0
0
0
0
0
0
0
0
0
0
0
0
0.005385168204090219
0
0
0
0
0
0
0
0
0
0
0
0
0
0
0
0
0
0
0
0
0
0
0
0
0
0
0
0
0
0
0
0
0.005377051040069053
0
0
0
0
0
0
0
0
0
0
0
0
0
0
0
0
0
0
0
0
0
0
0
0
0
0
0
0
0
0.005370980105236042
0
0
0
0
0
0
0
0
0
0
0.005368959676155024
0
0
0
0
0
0
0
0
0
0
0
0
0
0
0
0
0
0
0
0.005368959676155024
0
0
0
0
0
0
0
0
0.005368959676155024
0
0
0
0
0
0
0
0
0
0
0
0
0
0
0.010741699747395372
0
0
0.009895764846799403
0
0
0
0
0
0.005370980105236042
0
0
0
0
0
0
0
0
0
0
0
0
0
0
0
0
0
0
0
0
0
0
0
0
0
0
0
0
0
0
0.005373002140944704
0
0
0
0
0
0
0
0
0
0
0
0
0
0
0
0
0
0
0
0
0
0
0
0
0
0
0
0
0
0
0
0
0
0
0
0
0
0
0
0
0
0
0
0
0
0
0.15993568229207536
0
0
0
0
0
0
0
0
0
0
0
0
0
0
0
0
0
0
0
0
0
0.005373002140944704
0
0
0
0
0
0
0
0
0
0
0.005373002140944704
0
0.005370980105236042
0
0
0
0
0
0
0
0
0
0
0
0
0
0
0
0
0
0
0
0
0.010737659110433406
0
0
0
0
0
0
0
0
0
0
0
0
0
0
0
0
0
0
0
0
0
0
0
0
0
0
0.005373002140944704
0
0
0
0
0
0
0
0
0
0
0
0
0
0
0
0
0
0
0
0
0
0
0
0
0
0
0
0
0
0
0.009895764846799403
0.005370980105236042
0
0
0
0
0.005373002140944704
0
0
0
0
0
0
0
0
0
0
0
0
0
0
0
0
0
0
0
0
0
0
0
0
0
0
0
0
0
0
0
0
0
0
0
0.009906830634318506
0
0
0
0
0
0
0
0
0
0
0
0
0
0
0.005379077907404407
0
0
0
0
0
0
0
0
0
0
0
0
0
0
0
0
0
0
0
0
0
0
0
0.005379077907404407
0
0
0
0
0
0
0
0
0
0
0
0
0
0
0
0.005379077907404407
0
0
0
0
0.005379077907404407
0
0
0
0
0
0
0
0
0
0
0
0
0
0
0
0
0
0
0
0
0
0
0
0
0
0
0
0
0
0
0
0
0
0
0
0
0
0
0
0
0
0
0
0
0
0.005375025785236352
0
0
0
0
0
0
0
0
0
0
0.005373002140944704
0
0
0
0
0.005373002140944704
0
0
0
0
0.005368959676155024
0
0
0
0
0
0
0
0
0
0
0
0
0
0
0
0
0
0
0
0
0
0
0
0
0
0
0
0
0
0
0
0
0
0.005368959676155024
0
0
0
0
0
0
0
0
0
0
0
0
0
0
0
0
0
0
0
0
0
0
0
0
0
0
0
0
0
0
0
0
0
0
0
0
0
0
0
0
0
0
0
0
0
0
0
0
0
0
0
0
0
0
0
0
0
0
0
0
0
0
0
0
0
0
0
0
0
0
0
0
0.00989208207534779
0
0
0
0
0
0
0
0
0
0
0
0
0
0
0
0
0
0
0
0
0
0
0
0
0
0
0
0
0
0
0
0
0
0
0
0
0
0
0
0
0
0
0
0
0
0.014087037681762296
0
0
0
0
0
0
0
0
0
0
0.009903139122757464
0
0
0
0
0
0
0
0
0
0
0
0
0
0
0
0
0
0
0
0
0
0
0
0
0
0
0
0
0
0
0
0
0
0
0
0
0
0
0.005368959676155024
0
0
0
0
0
0
0
0
0
0
0
0
0
0
0
0
0
0
0
0
0
0
0
0
0
0
0
0
0
0
0
0
0
0
0
0
0
0
0.005366940851749829
0.005366940851749829
0
0.005368959676155024
0
0
0
0
0.010741699747395372
0
0
0.00989208207534779
0
0
0
0
0
0
0
0
0.005368959676155024
0
0
0
0
0
0
0
0
0
0
0
0
0
0
0
0
0
0
0.005368959676155024
0
0
0
0
0
0
0
0
0
0
0
0
0
0
0
0
0
0
0.005370980105236042
0
0
0.009888402210221092
0
0
0
0
0
0
0
0
0
0
0
0
0
0
0
0
0.036183876477803065
0
0
0
0
0
0
0
0
0
0
0
0
0.005366940851749829
0
0
0
0
0
0
0
0
0
0
0
0.005368959676155024
0
0
0
0
0
0.005364923630071834
0
0
0
0
0
0
0
0
0
0
0
0.00988472524790645
0
0
0
0
0
0
0
0
0
0
0
0
0
0
0
0
0
0
0
0
0
0
0
0
0
0
0
0
0
0
0
0
0
0
0
0
0
0
0
0
0
0
0
0
0
0
0.005370980105236042
0
0
0
0
0
0
0
0
0
0
0
0
0
0
0
0
0
0
0
0
0
0
0
0
0
0
0
0
0
0
0
0.005375025785236352
0
0
0
0
0.025651946800986897
0
0
0
0
0
0
0
0
0
0
0.005375025785236352
0
0
0
0
0
0
0.005375025785236352
0
0
0.009899450528094515
0
0
0
0
0
0
0
0
0
0
0
0
0
0
0
0
0
0
0
0
0
0
0
0
0
0
0
0
0
0
0
0
0
0
0
0.005373002140944704
0
0
0
0
0
0
0
0
0
0
0
0
0
0
0
0
0
0
0
0
0
0
0
0
0
0
0
0
0
0
0
0
0
0
0
0
0
0
0
0
0
0
0
0
0.005373002140944704
0
0
0
0
0
0
0
0
0
0
0
0
0
0
0
0
0
0
0
0
0.005373002140944704
0
0
0
0
0
0
0
0
0
0
0.005370980105236042
0
0
0
0
0
0
0
0
0
0
0
0
0
0
0
0
0.005370980105236042
0
0
0
0
0
0
0
0
0
0
0
0
0
0
0
0
0
0
0
0
0
0
0
0
0
0
0
0
0
0
0
0
0
0
0.005375025785236352
0
0.005375025785236352
0
0
0
0
0
0
0
0
0
0
0
0
0
0
0
0
0
0
0
0
0
0
0
0
0
0
0
0
0
0
0
0
0
0
0
0
0
0
0
0
0
0
0
0
0
0
0
0
0
0.005368959676155024
0
0
0
0
0
0
0
0
0
0
0
0
0
0
0
0.005370980105236042
0
0
0.005370980105236042
0
0
0
0
0
0
0
0
0
0
0
0
0
0
0
0
0
0
0
0
0
0
0
0
0
0
0
0
0
0
0
0
0
0
0
0
0
0
0
0
0
0
0
0
0
0
0
0
0
0
0
0
0
0
0
0
0
0
0
0
0
0
0
0
0.005368959676155024
0
0
0
0
0.025623960493785732
0
0
0
0
0
0
0
0
0
0
0
0.005368959676155024
0
0
0
0
0
0
0
0
0
0
0.005368959676155024
0
0
0.005368959676155024
0
0
0
0
0
0
0
0
0
0
0
0.005370980105236042
0
0
0
0
0
0
0
0
0.005370980105236042
0
0
0
0.005373002140944704
0
0
0
0
0
0
0
0
0
0
0
0
0
0
0
0
0
0
0
0
0
0
0.009895764846799403
0.014097447589272314
0
0
0
0
0
0
0
0
0
0.01979785698670338
0.025661290108253305
0
0
0
0
0
0
0.014123544105969534
0
0
0
0
0
0
0
0
0
0
0
0
0
0
0
0
0
0
0
0
0
0
0
0
0
0
0
0
0
0
0
0
0
0
0
0
0
0
0
0
0.005407624469036198
0
0
0
0
0
0
0
0
0
0
0
0
0
0
0
0
0
0
0
0.018204252928151712
0
0
0
0
0
0
0
0
0
0
0
0
0
0
0
0
0
0
0
0
0
0
0
0.005403526809046091
0
0
0
0.005403526809046091
0
0
0
0
0
0
0
0
0
0
0
0.005409675761499427
0
0
0
0
0
0
0
0
0
0
0
0
0
0
0
0
0
0
0
0
0
0
0
0
0
0
0
0
0
0
0
0
0
0
0
0
0
0
0
0
0
0
0.005405574818888628
0
0
0
0
0
0
0
0
0
0
0
0
0
0
0
0
0
0
0
0
0
0
0
0
0
0
0
0
0
0
0
0
0
0
0
0
0
0
0
0
0
0
0
0
0
0
0
0
0
0
0
0
0
0
0
0
0.005409675761499427
0
0
0
0.005407624469036198
0
0
0
0
0
0
0
0
0
0
0
0
0
0
0
0
0
0
0
0
0
0.005403526809046091
0
0
0
0
0
0
0
0
0
0
0
0
0
0
0
0
0
0
0
0
0
0
0
0
0
0
0
0
0
0
0
0
0
0
0
0
0
0
0
0.005401480437501262
0
0
0
0
0
0
0
0
0
0
0
0
0
0
0
0
0
0
0
0
0.03296761634931777
0
0
0
0
0
0
0
0
0
0
0
0
0
0
0
0
0
0
0
0
0
0
0
0
0
0
0
0
0
0
0
0
0
0
0
0
0
0
0
0
0
0
0
0
0
0
0
0
0
0
0
0
0
0
0
0
0
0
0
0
0
0
0
0
0
0
0
0
0
0
0
0
0
0
0
0
0
0
0
0
0
0
0
0.005375025785236352
0
0
0
0
0
0
0
0
0
0
0
0
0
0
0
0
0
0.014102658682957203
0
0
0
0
0
0
0
0
0
0
0
0
0.010749790664148936
0
0
0
0
0
0
0
0
0
0.02348851959728851
0
0
0
0
0
0
0
0
0
0
0
0
0
0
0
0
0
0
0
0
0
0
0
0
0.005381106389207234
0
0
0
0
0
0
0
0
0
0
0
0
0
0
0
0
0
0
0
0
0
0
0
0
0
0
0
0
0
0
0
0
0
0
0
0
0.019484141197877114
0
0
0
0
0
0
0
0
0
0
0
0
0
0
0
0
0
0
0
0
0
0
0
0
0
0.014097447589272314
0
0
0
0
0
0
0
0
0
0.009903139122757464
0
0
0
0
0
0
0
0
0
0
0.009899450528094515
0
0
0
0.005375025785236352
0
0.005375025785236352
0
0
0
0
0
0
0
0.014102658682957203
0
0
0
0
0
0
0
0
0
0
0
0
0
0
0
0
0
0
0
0
0
0
0
0
0
0
0
0
0
0
0
0
0
0
0
0
0
0
0
0
0
0
0
0
0
0
0
0.005375025785236352
0.005375025785236352
0
0
0
0
0
0
0
0
0
0
0
0
0
0
0
0
0
0
0
0
0
0
0
0
0
0
0
0
0
0
0
0
0
0
0
0
0
0
0
0
0
0
0
0
0.009888402210221092
0
0
0
0
0
0
0
0
0
0
0
0
0
0
0
0
0
0.015256841292022792
0
0
0
0
0
0
0
0
0
0
0
0
0
0
0.005381106389207234
0
0
0
0
0
0
0
0
0
0
0
0
0
0
0
0
0
0
0
0
0.009910525066313174
0
0
0
0
0
0
0
0
0
0
0
0
0
0
0
0
0
0
0
0
0
0
0
0
0
0
0
0
0
0
0
0
0
0
0
0
0
0
0
0
0
0
0
0
0
0
0
0
0
0
0
0
0
0
0
0
0.005389236500500484
0
0
0
0
0
0
0
0
0
0
0
0
0
0
0
0
0
0
0
0
0
0
0
0
0
0
0
0
0
0
0
0.26164899279504394
0
0
0
0
0
0
0
0
0
0
0
0
0
0
0
0
0
0
0
0
0
0
0
0
0
0
0
0
0
0
0
0
0
0
0
0
0
0
0.005373002140944704
0
0
0
0
0
0
0
0
0
0
0
0
0
0
0
0
0
0.01811048776092338
0
0
0
0
0
0
0
0
0
0
0
0
0
0
0
0
0
0
0
0
0
0.005379077907404407
0
0
0
0
0.005377051040069053
0
0
0
0
0
0
0
0.005375025785236352
0
0
0
0
0
0
0
0
0
0
0
0
0
0
0
0
0
0
0
0
0
0
0
0
0
0
0
0
0
0
0
0
0.005373002140944704
0.055661804752924725
0
0
0.005373002140944704
0
0
0
0
0
0
0
0
0
0
0
0
0
0
0
0
0
0
0
0
0
0
0
0
0
0
0.005370980105236042
0
0
0
0
0
0
0.08208582757483551
0
0
0
0
0
0
0
0
0
0
0
0
0.005370980105236042
0
0
0
0.005370980105236042
0
0
0.005370980105236042
0
0
0
0
0
0
0
0
0
0
0
0
0.005373002140944704
0
0
0
0
0
0
0
0
0
0
0
0
0
0
0
0
0
0
0
0
0
0
0
0
0
0
0.014097447589272314
0
0
0
0.009895764846799403
0
0
0
0
0
0
0
0.005373002140944704
0
0
0.005375025785236352
0
0
0
0
0
0
0
0
0
0
0
0
0
0
0
0
0.014102658682957203
0
0
0
0
0
0
0
0
0
0
0
0
0
0
0
0
0
0
0
0
0
0
0
0
0
0
0
0
0.03288391519711133
0
0
0
0
0
0
0
0
0
0
0
0
0
0
0
0
0
0
0
0
0
0
0
0
0
0
0
0
0
0
0
0
0
0
0
0
0
0
0
0
0
0
0
0
0
0
0
0
0
0
0
0
0
0
0
0
0
0
0
0
0.0053953511326319615
0
0
0
0.0053953511326319615
0
0
0
0
0
0
0
0
0
0
0
0
0
0
0
0
0
0
0
0
0
0
0
0
0
0
0.005393311294272676
0
0
0
0
0
0
0
0
0
0
0
0
0
0
0
0.022008893985009475
0
0
0
0
0
0
0
0
0
0
0
0
0
0
0
0
0
0
0
0.005393311294272676
0
0
0
0
0
0
0
0
0
0
0
0
0
0
0
0
0
0.005389236500500484
0
0
0
0
0
0
0
0
0
0
0
0
0.00992162592034602
0
0
0
0
0
0
0
0
0
0
0
0
0
0
0
0
0
0
0
0
0
0
0
0
0
0
0
0
0
0
0
0
0.005391273084224685
0
0
0
0
0
0
0
0
0
0
0
0
0
0
0
0
0
0
0
0
0
0
0
0.6408502960534934
0
0
0
0
0
0.005387201541115994
0
0
0
0
0
0
0
0
0.005393311294272676
0
0
0
0
0
0
0
0
0
0
0
0
0
0
0
0
0
0
0
0
0
0
0
0
0
0
0
0
0
0
0
0
0
0
0
0
0.029264474592390774
0
0
0
0
0
0.005375025785236352
0
0
0
0
0
0
0
0
0
0
0
0
0
0
0
0
0
0
0
0
0
0
0
0
0
0
0
0
0
0.005373002140944704
0
0
0
0
0
0
0
0
0
0
0
0
0
0
0
0
0
0
0
0
0
0
0.6425556388513826
0.025670640699138297
0
0
0
0
0
0
0
0
0
0
0
0
0
0
0
0
0
0.014107873876515176
0
0
0
0
0
0
0.005375025785236352
0
0
0
0
0
0
0
0
0
0
0
0
0
0
0
0
0
0
0
0
0
0
0
0
0
0
0
0
0
0
0
0
0
0
0
0
0
0
0
0
0
0
0
0
0
0
0
0
0
0
0
0
0
0
0
0
0
0
0
0
0
0
0
0
0
0
0
0
0
0
0
0
0
0
0
0
0
0
0
0
0
0
0
0
0
0
0
0.005381106389207234
0
0
0
0
0.005375025785236352
0
0
0
0
0
0
0
0
0
0
0
0
0
0
0
0
0
0
0
0
0
0
0
0
0
0
0
0
0
0
0
0
0
0
0
0
0
0
0
0
0
0
0
0
0
0
0
0
0
0
0.005375025785236352
0.005375025785236352
0
0
0
0
0
0
0
0
0
0
0
0
0
0
0
0
0
0
0
0
0
0
0
0
0
0
0
0
0
0
0.6610451838867278
0
0
0
0
0
0
0
0
0
0
0
0
0
0
0
0
0
0
0
0
0
0
0
0
0
0
0
0
0
0
0
0
0
0
0
0
0
0
0.010778210534369356
0
0
0
0
0
0
0
0
0
0
0
0
0
0
0.005385168204090219
0.005385168204090219
0
0
0
0
0
0.005389236500500484
0
0
0
0
0
0
0
0
0
0
0
0
0
0
0
0
0
0
0
0
0
0
0
0
0
0
0
0.005389236500500484
0
0
0
0
0
0
0
0
0
0
0
0
0
0
0
0
0
0
0
0
0
0
0
0
0
0
0
0
0
0
0
0
0
0
0
0
0
0
0
0
0
0
0
0
0
0
0
0
0
0
0
0
0
0
0
0
0
0
0
0
0
0
0
0
0.005391273084224685
0
0
0
0
0
0
0
0
0
0
0
0
0
0
0
0
0
0
0
0
0
0
0
0
0
0
0
0
0
0
0
0
0
0
0
0
0
0.005393311294272676
0
0
0
0
0
0
0
0
0.005387201541115994
0
0
0
0
0.005393311294272676
0.005393311294272676
0
0
0
0
0
0
0
0
0
0
0
0
0
0
0
0
0
0
0
0
0
0
0
0
0
0
0
0
0
0
0
0
0
0
0
0
0
0
0
0
0
0
0
0
0.005377051040069053
0
0
0
0
0
0
0
0
0
0
0
0
0
0
0
0
0
0
0
0
0
0
0
0
0
0
0
0
0
0
0
0
0
0
0
0
0
0
0.005385168204090219
0
0
0
0
0
0
0
0
0
0
0
0
0
0
0
0
0
0
0
0
0
0
0
0
0
0
0
0
0
0
0
0
0
0
0
0
0
0
0
0
0
0
0
0.005379077907404407
0
0
0
0
0
0.009910525066313174
0
0
0
0
0
0
0
0
0
0
0
0
0
0
0
0
0
0
0
0
0
0
0
0
0
0
0
0
0
0
0
0.005389236500500484
0
0
0
0
0
0
0
0
0
0
0
0
0
0
0
0.005385168204090219
0
0
0
0
0
0
0
0
0
0
0
0
0.005383136487445414
0
0
0
0
0
0
0
0
0
0
0
0
0
0
0
0
0
0
0
0
0
0
0
0
0
0.021976632373923305
0
0
0
0
0
0
0
0
0
0
0
0
0
0
0
0
0
0
0
0
0
0
0
0.009910525066313174
0
0
0
0
0
0
0
0
0
0
0
0
0
0
0
0
0
0
0
0
0
0
0
0
0
0
0
0
0
0
0
0
0
0
0
0
0
0
0
0
0
0
0
0
0
0
0
0
0
0
0
0
0
0
0
0.018130493520900768
0
0
0
0
0
0
0
0
0
0
0
0
0
0.005381106389207234
0
0
0
0
0
0
0
0
0
0
0
0
0
0
0
0
0
0
0
0
0.014107873876515176
0
0
0
0
0
0
0
0
0
0
0
0
0
0
0
0
0
0
0
0
0
0
0
0
0
0
0
0
0
0
0
0
0
0
0
0
0
0
0
0
0
0
0
0.014097447589272314
0
0
0.005370980105236042
0
0
0
0
0
0.03623601504499227
0
0
0
0
0
0.005377051040069053
0
0
0
0
0
0
0
0
0
0
0
0
0
0
0
0
0
0
0
0.005379077907404407
0.009906830634318506
0
0
0.009910525066313174
0
0
0.005385168204090219
0
0
0
0
0
0
0
0.005381106389207234
0
0
0
0
0
0
0
0
0
0
0
0
0
0
0
0
0
0
0
0
0
0
0
0
0
0
0
0
0
0
0
0
0
0
0
0
0
0
0.00991792270577669
0
0
0
0
0
0
0
0
0
0
0
0
0
0
0
0
0
0
0
0.046248245401062406
0
0
0
0
0
0
0
0
0
0
0
0
0
0
0
0
0
0
0
0
0
0
0
0
0
0
0
0
0
0
0
0
0.005383136487445414
0
0
0
0
0
0
0
0
0
0
0
0
0
0
0
0
0
0
0
0
0
0
0
0
0.005385168204090219
0
0
0
0
0
0
0.005387201541115994
0
0
0
0
0
0
0.00992162592034602
0
0
0
0
0
0
0
0
0
0.005385168204090219
0
0
0
0
0
0
0
0
0
0
0
0
0
0
0
0
0
0
0
0
0
0
0
0
0
0
0
0
0
0
0
0
0
0
0
0
0
0
0.0649351035202193
0
0
0
0
0.005389236500500484
0
0
0
0
0
0
0
0
0
0
0
0.005389236500500484
0
0
0
0
0
0
0.005383136487445414
0
0
0
0
0
0.015291108197432823
0
0
0
0
0
0
0
0
0
0
0
0
0
0
0
0.005375025785236352
0
0
0
0
0.03278881304820581
0
0
0
0
0
0
0
0
0
0
0
0
0
0
0
0
0
0
0
0
0
0.005368959676155024
0
0
0
0
0
0
0
0
0
0
0
0
0
0
0
0
0
0
0
0
0
0
0
0
0.005373002140944704
0
0
0
0
0
0
0
0
0.005377051040069053
0
0
0
0
0
0
0
0
0
0
0
0.005375025785236352
0
0.005375025785236352
0
0
0.005375025785236352
0
0
0
0
0
0
0
0
0
0
0
0
0
0
0
0.005375025785236352
0.005375025785236352
0
0
0
0
0
0
0
0
0
0
0
0
0
0
0
0
0
0
0
0
0
0
0.005379077907404407
0
0
0
0
0
0
0
0
0
0
0
0
0
0
0
0
0
0
0
0
0
0
0
0.005379077907404407
0
0
0
0
0
0
0
0
0
0
0
0
0
0
0
0
0
0.005379077907404407
0
0
0
0
0
0
0
0
0
0
0
0
0
0
0
0
0
0
0
0
0
0
0
0
0
0
0
0
0
0
0
0
0
0
0
0
0
0
0
0
0
0
0
0
0
0
0
0
0
0
0
0
0
0.010766011178671845
0
0
0
0
0
0
0
0
0
0
0
0
0
0
0
0
0
0
0
0
0
0
0
0
0
0
0
0
0
0
0
0.005377051040069053
0.014113093174896525
0
0
0
0
0.005381106389207234
0.005383136487445414
0
0
0
0
0
0
0
0
0
0
0
0
0
0.005387201541115994
0
0
0
0
0
0
0
0
0
0
0
0
0
0
0
0
0
0
0
0
0
0
0
0
0
0
0
0
0
0
0
0
0
0
0
0
0
0
0
0
0
0
0
0
0
0
0
0
0
0
0
0.005377051040069053
0
0
0
0
0
0
0
0
0
0
0
0
0
0
0
0
0
0
0
0
0
0
0
0
0
0
0.005375025785236352
0
0
0
0.005377051040069053
0
0
0
0
0
0
0
0
0
0
0
0
0
0
0
0
0.005540149409736168
0
0
0
0
0
0
0
0
0.01052925981732727
0
0
0
0
0
0
0
0
0
0
0
0
0
0
0
0
0
0
0
0
0
0
0
0
0
0
0
0
0.005723295083379335
0.005744179553911137
0
0
0
0
0
0
0
0
0.005720984485354587
0
0
0
0
0
0
0
0
0
0
0
0
0
0
0
0
0
0
0
0
0
0
0
0
0
0
0
0.005746509996940676
0
0
0
0
0
0
0
0
0
0
0
0
0
0
0
0
0
0
0
0.00574185110709389
0
0
0
0
0.010579949973727578
0
0
0
0
0
0
0
0
0
0.005744179553911137
0
0
0
0
0
0
0
0
0
0
0
0
0
0
0
0
0
0
0
0
0
0
0
0
0
0
0
0
0
0
0
0
0
0
0
0
0
0
0
0
0
0
0
0
0
0
0
0
0
0
0
0
0
0
0
0
0
0
0
0
0
0
0
0
0
0
0
0
0
0
0
0
0
0
0
0
0
0
0
0
0
0
0.023480391933408843
0
0
0
0
0
0
0
0
0
0
0
0
0
0
0
0
0
0
0
0
0
0
0
0
0.015100560561972527
0
0
0
0
0
0
0
0
0.023461855377690657
0
0
0
0
0
0.015118672449618432
0.005765225720135463
0
0
0
0
0
0
0
0
0
0
0
0
0
0
0
0
0.005776988609872192
0
0
0
0
0.0057746319760113955
0
0
0
0
0
0
0
0
0
0
0
0
0
0
0
0
0
0
0
0
0
0
0
0
0
0
0
0
0
0
0
0
0
0
0.005482521526913321
0
0
0
0
0
0
0
0
0
0
0
0
0
0
0
0
0
0
0
0
0
0
0
0
0
0
0
0.005453135874340077
0
0
0
0
0
0
0
0
0
0
0.005448965056727452
0
0
0
0
0
0
0
0
0
0
0.005448965056727452
0
0
0
0
0
0
0
0
0
0
0
0
0.005455223813203254
0
0
0
0
0
0
0
0
0
0
0
0
0
0
0
0
0
0
0
0
0
0
0
0
0
0
0
0
0
0
0
0
0
0.005438567432958053
0
0
0
0
0.01829225255220743
0
0
0
0
0
0
0
0
0
0
0
0
0
0
0
0
0
0
0
0
0.0054220181179142485
0
0
0
0
0
0
0
0
0
0
0
0
0.014234281475701549
0.005430279458186236
0
0
0
0
0
0
0.0054220181179142485
0
0
0
0
0
0
0
0
0
0.005419956929150268
0.005419956929150268
0
0
0
0
0
0
0
0
0
0
0
0
0
0
0
0
0
0
0
0
0
0
0
0
0
0.005411728698292086
0
0
0
0
0
0
0
0
0
0
0
0
0
0
0
0
0
0
0
0
0
0
0
0
0
0
0
0
0
0
0
0
0
0
0
0
0
0
0
0
0
0
0
0
0
0
0
0
0
0
0
0
0
0
0.009977528302136362
0
0
0
0
0
0
0
0
0
0
0
0
0
0
0
0
0
0
0
0
0.04981035301339673
0
0
0
0
0
0
0.005537992224275951
0
0
0
0
0
0
0
0
0
0
0
0
0
0
0
0.005535836812554224
0
0
0
0
0
0
0
0
0
0.0055315313014093264
0
0
0
0
0
0
0
0
0
0
0
0.010184435517591949
0
0
0
0
0
0
0
0
0
0
0
0
0
0
0
0
0
0
0
0
0
0
0
0
0
0
0
0
0
0
0
0
0
0
0
0
0
0
0
0
0
0
0
0
0
0
0
0
0
0
0
0
0
0
0
0
0
0
0
0
0.005590259413595013
0
0
0
0
0
0
0
0.005579284622483343
0
0
0
0
0
0.011162667783278384
0
0.005579284622483343
0
0
0
0
0
0
0
0
0
0
0
0
0.005579284622483343
0
0
0
0
0
0
0
0
0
0
0
0
0
0
0
0
0
0
0
0
0
0
0
0
0.005579284622483343
0
0.005577095124021322
0
0
0
0
0
0
0
0
0
0
0
0
0
0
0
0
0
0
0
0
0
0
0.005581475937784927
0
0
0
0
0
0
0.03391367776685794
0
0
0
0
0
0
0
0
0
0
0
0
0
0
0
0.010053113052472194
0
0
0
0.014309138892540044
0
0
0
0
0
0
0
0.005457313441554602
0
0
0
0
0
0
0
0
0
0
0
0
0
0
0
0
0
0
0
0
0
0
0
0
0
0
0
0
0
0
0
0
0
0
0
0
0
0
0
0
0
0
0
0
0
0
0
0
0
0
0
0
0
0
0
0
0
0
0
0
0
0
0
0.005451049622876637
0
0
0.005451049622876637
0
0.005451049622876637
0
0
0
0.005448965056727452
0
0.005459404761486476
0
0
0
0
0
0
0
0
0
0
0
0
0
0.018353708804594547
0
0
0
0
0
0
0
0
0
0
0
0
0
0
0
0
0
0
0.005448965056727452
0
0
0
0
0
0
0
0
0
0
0.005459404761486476
0
0
0
0
0
0
0
0
0
0
0
0
0.005455223813203254
0
0
0
0
0
0.005455223813203254
0.005448965056727452
0.005448965056727452
0.005455223813203254
0
0.005442721449366375
0
0
0
0
0
0
0
0
0
0
0
0
0
0
0
0
0
0
0
0
0
0
0
0
0
0
0
0
0
0.005488862036443962
0
0.010114461587113927
0.005495218056470404
0.005495218056470404
0
0.00549734018662597
0
0
0
0
0
0
0
0
0
0
0
0
0
0
0
0
0
0
0
0
0
0
0
0
0
0
0
0
0
0.2205036986359058
0
0.06617620512135426
0
0
0
0
0.0144011714226726
0
0
0
0
0
0.010106749605531151
0
0
0
0
0
0
0.005486746812740287
0
0
0
0
0
0
0
0
0
0
0
0
0
0
0
0
0
0
0
0
0
0
0
0
0
0
0
0.014384838952393677
0
0
0
0
0
0
0
0
0
0
0
0
0
0
0
0
0
0
0.010110604036183284
0
0
0
0
0
0
0
0
0
0
0
0
0
0
0
0
0
0
0
0
0
0
0
0
0
0
0
0
0
0
0
0.005484633310277246
0
0
0
0
0
0
0
0
0
0
0
0
0
0
0
0.005482521526913321
0
0
0
0
0
0
0
0
0
0
0
0
0
0
0.010087524121371804
0
0
0
0.005478303108933269
0
0
0
0
0
0
0
0
0
0
0
0
0
0
0
0
0.014390278728206623
0
0
0
0
0
0
0
0
0.005482521526913321
0
0
0
0
0
0.018464058807861578
0
0
0
0
0
0
0
0
0
0
0
0
0
0
0
0
0
0
0
0
0
0
0
0
0
0
0
0.0054994640487851685
0
0
0
0
0.00549734018662597
0
0.00549734018662597
0
0
0.0055058460489347556
0
0
0
0
0.01563096261984095
0
0
0
0
0
0.005488862036443962
0
0
0
0
0
0
0
0
0
0
0
0
0
0
0
0
0.005476196470051572
0.005476196470051572
0
0.005478303108933269
0
0
0
0
0
0
0
0
0
0
0
0
0
0
0
0
0
0
0
0
0
0
0
0.010087524121371804
0
0
0
0
0
0
0
0
0
0
0
0
0
0
0
0
0
0
0
0
0
0
0
0
0
0
0
0.005488862036443962
0
0
0
0
0
0
0
0
0
0
0
0
0
0
0
0
0
0
0
0
0
0
0.005484633310277246
0
0.005484633310277246
0
0
0
0
0
0
0
0
0
0
0
0
0
0
0
0
0
0
0
0
0
0
0
0.005488862036443962
0
0
0
0
0
0
0
0
0
0
0
0
0
0
0
0
0
0
0
0
0
0
0
0
0
0
0
0
0
0
0
0
0
0
0
0
0
0
0
0
0
0
0
0
0
0
0
0
0
0
0
0
0
0
0
0
0
0
0
0
0
0
0
0
0
0.005480411460510043
0
0
0
0
0
0.005474091541737993
0
0
0.005474091541737993
0
0
0
0
0
0
0
0
0
0
0
0
0.010079855634849531
0
0
0
0
0
0
0
0
0
0
0.010076026027796479
0
0
0
0
0
0.005471988321868283
0
0
0
0
0
0
0
0
0
0
0
0
0
0
0
0
0
0
0
0
0
0
0
0
0
0
0
0
0
0
0
0
0
0
0
0
0
0
0
0
0
0
0.005480411460510043
0.005480411460510043
0
0
0
0
0
0
0
0
0.005478303108933269
0
0
0
0.010083688331434321
0
0
0
0
0
0
0
0
0
0
0
0
0
0
0
0
0
0
0
0
0.005467786998983655
0
0
0
0
0
0
0
0
0
0
0
0
0
0
0
0
0
0
0
0
0
0
0
0
0
0
0
0
0
0
0
0
0
0
0
0.005455223813203254
0
0.00546149777509436
0
0
0
0
0
0
0
0.005463592484477515
0
0
0
0
0
0
0
0
0.005465688891738497
0
0
0
0
0
0
0
0
0
0
0
0
0
0
0
0
0
0
0
0
0
0
0
0
0
0
0
0
0
0
0
0
0
0
0
0
0
0
0
0
0
0
0
0
0.010053113052472194
0
0
0
0.00546149777509436
0
0
0
0
0
0
0
0
0
0
0
0
0
0
0
0
0
0
0
0
0
0
0
0
0
0
0
0.00546149777509436
0
0
0
0.00546149777509436
0
0
0
0
0
0
0
0
0
0
0
0
0.005459404761486476
0
0
0
0
0
0
0
0
0
0
0
0
0
0
0
0
0
0
0
0
0
0
0
0
0
0
0
0
0
0
0
0
0
0
0
0
0
0
0
0
0
0
0
0
0
0.005463592484477515
0
0
0
0
0
0.00546149777509436
0
0
0.005463592484477515
0
0
0
0.010922725068020132
0
0
0
0
0
0
0
0
0
0
0
0
0.005463592484477515
0
0
0
0
0
0
0
0
0
0
0
0
0
0
0
0
0
0
0
0
0
0
0
0
0
0.005459404761486476
0
0
0
0
0
0
0
0
0
0
0
0
0
0
0
0
0
0
0
0
0
0
0
0
0
0
0
0
0
0
0
0
0
0
0
0
0
0.014319901258657706
0
0
0
0
0
0
0
0
0
0
0
0
0
0
0
0
0
0
0
0
0
0
0
0
0
0
0
0
0
0
0
0
0
0
0
0
0
0
0
0
0
0
0
0
0
0
0
0
0
0
0
0
0
0
0
0
0
0
0
0
0
0
0
0
0.020089920285809124
0
0
0
0
0.005457313441554602
0
0
0
0
0.015679100142880632
0
0
0
0
0
0
0
0
0
0
0.010157101697881577
0
0
0
0.0055444691108114865
0
0
0
0
0
0
0
0
0
0
0
0
0
0
0
0
0
0
0
0
0
0
0.005548795933697018
0
0
0
0
0
0.010196197856787194
0
0
0
0.005540149409736168
0
0
0
0
0
0
0
0
0
0
0
0
0
0
0
0
0
0
0
0
0
0
0
0
0
0
0
0
0
0
0
0
0
0
0
0
0
0
0
0.005546631630905794
0
0
0
0
0
0
0
0
0
0
0
0
0
0
0
0
0
0
0
0.005540149409736168
0
0
0
0
0
0
0
0
0
0
0
0
0
0
0
0
0
0
0
0
0
0
0
0
0
0
0
0
0
0
0
0
0
0
0
0
0
0
0
0
0
0
0
0
0
0
0
0
0
0
0
0
0
0
0
0
0
0
0
0
0.005542308371168683
0
0
0.005525086282098625
0
0
0
0
0
0
0
0
0
0
0
0
0
0
0
0
0
0
0
0
0
0
0
0
0
0
0
0
0
0
0
0
0.010172701933209828
0
0
0
0
0
0
0
0
0
0
0
0
0
0
0
0
0
0
0
0
0
0
0
0
0
0
0
0.005527232858505274
0
0
0
0
0
0.005525086282098625
0
0
0
0
0
0
0
0
0
0
0
0
0
0
0
0
0
0
0
0
0
0
0
0
0
0
0
0
0
0
0
0
0
0
0
0
0
0.005463592484477515
0
0
0
0
0
0
0
0
0
0
0
0
0
0
0
0
0
0
0
0
0
0
0
0
0
0
0
0
0
0
0
0
0
0
0
0
0
0.010102898291291988
0
0
0
0
0
0.005488862036443962
0
0
0
0
0
0
0
0
0
0
0
0
0
0.005484633310277246
0
0
0
0
0
0
0
0
0
0
0
0
0
0
0
0
0
0
0
0
0
0
0
0
0
0.005476196470051572
0
0
0
0
0
0
0
0
0
0
0
0
0
0.005474091541737993
0
0
0
0
0
0
0
0
0
0
0
0
0
0
0.005469886808322483
0
0
0
0
0
0
0
0
0
0
0
0
0
0
0.014352291957672965
0
0
0
0
0
0
0
0
0
0
0
0
0
0
0
0
0
0
0
0
0
0
0.040325353410026236
0
0
0
0
0
0
0
0
0.05024446618582823
0
0
0
0
0
0.010079855634849531
0
0
0
0
0.010079855634849531
0
0.005474091541737993
0
0
0
0
0
0
0
0
0
0
0
0
0
0
0
0
0.005467786998983655
0
0
0
0
0
0
0
0
0
0
0.005467786998983655
0
0
0
0
0
0
0
0
0
0
0
0
0
0
0
0.005474091541737993
0
0
0
0
0.010076026027796479
0
0
0
0
0
0
0
0
0
0.005471988321868283
0
0.005471988321868283
0
0
0
0
0
0
0
0
0
0
0
0
0
0
0
0
0
0
0
0
0
0
0
0
0
0
0
0
0
0
0
0
0
0
0
0
0
0
0
0
0.00546149777509436
0
0
0
0
0
0
0
0.02608941238840524
0
0
0
0.022270676505959514
0
0
0
0
0
0
0
0
0
0
0
0
0.015511977200744884
0
0
0
0
0
0
0
0
0
0
0
0
0
0
0
0
0
0
0
0
0
0
0
0
0
0
0
0
0
0
0
0
0
0
0
0
0
0
0
0
0
0
0.00546149777509436
0
0
0
0
0.005455223813203254
0.005455223813203254
0.01004549993809487
0
0.005457313441554602
0
0
0.005457313441554602
0.005455223813203254
0
0.005457313441554602
0
0
0
0
0
0
0.005453135874340077
0
0
0
0
0
0
0.005455223813203254
0
0
0
0
0
0
0
0
0
0
0
0
0
0
0
0
0
0
0
0
0
0
0
0
0
0
0
0
0
0
0
0
0
0.005457313441554602
0
0
0
0
0.005459404761486476
0
0
0.005459404761486476
0
0
0
0
0
0
0
0
0
0
0
0
0
0
0.010060738418705409
0
0.005465688891738497
0.005463592484477515
0
0.005463592484477515
0.005463592484477515
0
0
0
0
0
0
0
0
0
0
0
0
0
0
0
0
0
0
0
0
0
0
0
0
0
0
0
0
0
0
0
0
0
0
0
0
0
0
0
0
0
0
0
0
0
0
0
0
0
0
0
0.010053113052472194
0
0
0
0
0
0.00546149777509436
0
0
0.014319901258657706
0
0
0
0
0
0
0
0
0
0
0
0
0
0
0
0
0
0
0
0
0
0
0
0
0
0
0
0
0.005467786998983655
0
0
0
0
0
0
0
0
0.005465688891738497
0
0
0
0
0
0
0
0
0
0
0
0
0
0
0
0.010060738418705409
0
0
0
0
0
0
0
0
0
0
0.00546149777509436
0
0
0
0
0
0
0
0
0
0.005467786998983655
0
0
0.005467786998983655
0
0
0
0
0
0
0
0.005467786998983655
0.005467786998983655
0
0
0
0
0
0
0.005474091541737993
0
0.005471988321868283
0
0
0
0.010076026027796479
0
0
0
0
0
0
0
0
0
0
0
0
0.005474091541737993
0
0
0
0
0
0
0
0
0.005484633310277246
0
0
0
0
0
0
0
0
0
0
0
0
0
0
0
0
0
0
0
0
0
0
0
0
0
0
0
0
0
0
0
0
0
0
0
0
0
0
0.010099050089606277
0
0
0
0
0
0
0
0
0
0
0
0.00549309765615825
0
0
0
0
0
0
0
0
0
0
0.010122186065307012
0
0
0
0
0
0
0
0
0
0
0
0
0
0
0
0
0
0
0
0
0
0
0
0
0
0
0
0
0
0
0
0
0
0
0
0
0
0
0
0
0
0
0
0
0
0
0
0
0
0
0
0
0
0
0
0
0
0
0
0
0
0
0
0.005503716977770644
0
0
0
0
0
0
0
0
0
0
0
0
0
0
0
0
0
0
0
0
0
0
0
0
0
0
0
0
0
0
0.005482521526913321
0
0
0
0
0
0
0
0.005482521526913321
0
0
0
0
0
0.010095204996620978
0
0
0
0
0
0
0
0
0
0
0.005480411460510043
0.010095204996620978
0
0
0
0
0
0
0
0
0
0
0
0
0
0
0
0
0
0
0
0
0
0
0
0
0
0
0
0
0
0
0
0
0
0
0
0
0
0
0
0
0
0
0
0
0
0
0
0
0
0
0
0.03158125372121077
0
0
0
0
0
0
0
0
0
0
0.005474091541737993
0.005474091541737993
0
0
0
0
0
0
0
0
0
0
0
0
0
0.010076026027796479
0
0
0
0
0.005471988321868283
0
0
0
0
0
0.005471988321868283
0
0
0
0
0
0
0
0
0.03519033276847067
0.005463592484477515
0
0
0
0
0
0
0
0
0.0055315313014093264
0
0.005533683172340877
0
0
0
0
0
0
0
0
0
0
0
0
0
0
0
0.005623459220691154
0
0
0
0
0
0
0
0
0
0
0
0
0
0
0
0
0
0
0
0
0
0
0
0
0
0
0
0
0
0
0
0
0
0
0
0
0
0
0
0
0
0
0
0
0
0
0.005630149247342727
0
0
0
0
0
0
0
0
0
0
0
0
0
0
0
0
0
0
0
0
0
0
0
0
0
0
0
0
0
0
0
0
0
0.00566159306485704
0
0
0
0.0056638532592776965
0.00566159306485704
0
0
0.005670645296620611
0
0
0
0
0
0.005682003687462508
0
0.005668379372693637
0
0.00566159306485704
0
0.005657078388293435
0.0056593347753472086
0
0
0
0
0
0
0
0
0
0
0
0
0
0
0
0
0
0
0
0
0
0
0
0
0
0
0
0
0
0
0
0
0
0
0
0
0
0
0.005666115361068687
0.005684281137268598
0
0
0
0
0
0
0
0
0
0
0
0
0
0
0
0
0
0
0
0
0
0
0
0
0
0
0
0
0
0
0.005548795933697018
0
0
0
0
0
0
0
0
0
0
0
0
0
0
0
0
0
0
0
0
0
0
0
0
0
0
0
0
0
0
0
0
0
0
0
0
0
0
0
0
0
0
0
0
0
0
0
0
0
0
0
0
0
0
0
0
0
0
0.005469886808322483
0
0
0.005474091541737993
0
0
0
0
0.010079855634849531
0.005474091541737993
0
0
0
0
0
0
0
0
0
0
0
0.005476196470051572
0
0.005476196470051572
0
0
0
0
0
0
0
0
0
0
0
0
0
0
0
0.005476196470051572
0
0
0
0
0
0
0
0
0
0
0
0
0
0
0
0.005471988321868283
0
0
0
0
0
0
0
0
0
0
0
0
0
0.005484633310277246
0
0
0
0
0
0
0
0
0.03341774343572635
0
0
0
0
0
0
0
0
0
0
0
0
0
0
0
0
0
0
0
0
0
0
0
0
0
0
0
0
0
0
0
0
0
0.00549309765615825
0
0
0
0
0
0
0
0
0
0
0
0
0
0
0
0
0
0
0
0
0
0
0
0
0
0
0
0
0
0
0
0
0
0
0
0
0
0
0
0
0
0
0
0
0
0
0
0
0
0
0
0
0
0
0
0
0
0
0
0
0
0
0
0
0
0
0
0
0
0
0
0
0
0
0
0
0
0
0
0
0
0
0
0
0
0
0
0
0
0.00549309765615825
0
0.005488862036443962
0
0
0
0
0
0
0
0
0
0
0
0
0
0
0
0
0
0
0
0
0
0
0
0
0
0
0
0
0
0
0
0
0
0
0
0
0
0
0
0
0
0
0
0
0
0
0
0
0
0
0
0
0
0
0
0.005471988321868283
0
0
0
0
0
0
0
0
0
0
0
0
0
0
0
0
0
0
0
0
0
0.005480411460510043
0
0
0.005484633310277246
0
0
0
0
0
0
0
0
0
0
0
0
0
0
0
0
0
0
0
0
0
0
0
0
0
0
0
0
0
0
0
0
0
0
0
0
0
0
0
0
0
0
0
0.0057325572297194805
0
0
0
0
0
0
0
0
0
0
0
0
0
0
0
0
0
0
0
0
0
0
0.005720984485354587
0
0
0
0
0
0
0
0
0
0
0
0
0
0
0
0
0
0
0
0
0
0
0
0
0
0
0
0
0
0
0
0
0
0
0
0
0
0
0
0
0
0
0
0
0
0
0
0
0.019232499990584268
0
0
0
0.0310754850398619
0
0
0
0
0
0
0
0
0
0
0
0
0
0
0
0
0
0
0
0
0
0.062255383819134966
0
0
0
0
0
0
0
0
0
0
0
0
0
0
0
0
0
0
0
0
0
0
0
0.0057117617702844205
0
0
0
0
0
0
0
0
0
0
0
0
0
0
0
0
0
0
0
0
0
0
0
0
0
0
0
0
0
0
0
0
0
0
0
0
0
0
0
0
0
0
0
0
0
0
0
0
0
0.0057186758575996765
0
0.032964951029860204
0
0
0
0
0
0
0
0
0
0
0
0
0
0
0
0
0
0
0
0
0
0
0
0
0
0
0
0.0057186758575996765
0
0.014986915719623326
0
0.005720984485354587
0.005723295083379335
0
0
0
0
0
0
0.010458324534492469
0
0
0
0
0
0
0
0
0
0
0
0
0
0
0
0
0
0
0
0
0
0
0
0
0
0
0
0
0
0
0
0
0
0
0
0
0
0
0
0
0
0
0
0
0
0
0
0
0
0
0
0
0
0
0
0
0
0
0.02608941238840524
0
0
0
0
0
0
0
0
0
0
0
0
0
0
0
0
0.005471988321868283
0
0
0
0
0
0
0
0
0
0
0
0
0
0
0
0
0
0
0
0
0
0
0
0
0
0
0
0
0
0
0
0
0
0.005463592484477515
0
0
0
0
0
0.005465688891738497
0.005465688891738497
0.010064555705713879
0
0
0
0
0
0
0
0
0
0
0
0
0
0
0
0
0
0
0
0
0
0
0
0
0
0
0
0
0
0
0
0
0
0
0
0
0
0
0
0
0
0
0
0
0
0
0
0
0
0
0
0
0
0
0
0
0
0
0
0
0
0
0.005469886808322483
0
0.005467786998983655
0
0
0
0
0
0
0
0
0
0
0
0
0
0
0
0
0
0
0
0
0
0
0
0
0
0
0
0
0
0
0
0
0
0
0
0
0
0.005471988321868283
0
0
0
0
0
0
0
0
0
0
0
0
0
0
0
0
0
0
0
0
0
0
0
0
0
0
0
0
0
0
0
0
0
0
0
0
0
0
0
0
0
0
0
0
0
0.005465688891738497
0
0
0
0
0
0
0
0
0
0.9964486891914174
0
0.005467786998983655
0
0
0
0
0
0
0
0
0
0
0
0
0
0
0
0
0
0
0
0
0.010064555705713879
0
0
0
0
0
0
0
0
0
0
0
0
0
0
0
0
0
0
0
0
0
0
0
0
0
0
0
0
0
0
0
0
0
0
0
0
0
0
0
0
0
0
0
0
0
0
0
0
0
0
0
0
0
0
0
0
0
0
0
0
0
0
0
0
0
0
0
0
0
0
0
0
0
0
0
0
0
0
0
0
0
0
0
0
0
0
0
0
0
0
0
0
0
0.010083688331434321
0
0.005474091541737993
0
0
0.005471988321868283
0
0
0
0
0
0
0
0.005471988321868283
0
0
0
0
0
0
0
0
0
0
0
0
0
0
0
0
0
0
0
0
0
0
0
0
0
0
0
0
0
0
0
0
0
0
0
0.010079855634849531
0
0
0
0
0
0.02610879531162862
0
0
0
0
0
0
0
0
0
0
0
0.02390452995664567
0
0
0
0
0
0
0
0
0
0
0
0
0
0
0
0
0.005474091541737993
0.010079855634849531
0
0.005474091541737993
0
0
0
0
0
0
0
0
0
0
0
0
0
0
0
0
0
0.005474091541737993
0
0
0
0
0
0
0
0
0
0.010087524121371804
0
0
0
0
0
0
0
0
0
0
0
0
0
0
0
0
0
0
0
0
0
0
0
0
0
0
0
0
0
0
0
0
0
0
0.005474091541737993
0
0
0.005474091541737993
0
0
0
0
0
0.005474091541737993
0
0.005474091541737993
0
0
0
0
0
0
0
0
0
0
0
0
0
0
0
0
0
0
0
0
0
0
0
0
0
0.014368545845844967
0
0
0
0
0
0
0
0
0
0.005480411460510043
0
0
0.005480411460510043
0
0
0
0
0
0
0
0
0
0
0.08928947906233338
0
0
0
0
0
0
0
0
0
0
0
0
0
0.005482521526913321
0
0
0
0
0
0
0
0
0
0.005484633310277246
0
0
0.018450187724181354
0
0
0
0
0
0
0
0
0
0
0
0
0
0
0
0
0
0
0
0
0
0
0
0
0
0
0
0
0
0
0
0
0
0
0
0
0
0
0
0
0
0
0
0
0
0
0
0
0
0
0
0
0
0
0
0
0
0.005471988321868283
0
0
0
0
0
0
0
0
0
0
0
0
0
0
0
0
0
0
0
0
0
0
0
0
0
0
0
0
0
0
0
0
0
0
0
0
0
0
0
0.02392258085017425
0.005480411460510043
0
0
0
0
0
0
0
0
0
0
0
0
0
0
0
0
0
0
0.005486746812740287
0
0
0
0
0
0
0
0
0
0
0
0
0
0
0
0
0.005486746812740287
0
0
0.005486746812740287
0
0
0
0.005486746812740287
0
0
0
0
0
0
0
0
0
0
0
0
0
0
0
0
0
0
0
0
0
0
0
0
0
0.00549734018662597
0
0
0.05040936979379413
0
0
0
0
0.026206174030959303
0
0
0
0
0
0
0
0
0
0
0
0
0
0.005495218056470404
0.005495218056470404
0.00549309765615825
0
0.00549309765615825
0
0.005495218056470404
0
0.005495218056470404
0.0054994640487851685
0.0054994640487851685
0.005503716977770644
0
0
0
0.0055058460489347556
0
0.005507976860777862
0
0
0
0
0
0
0
0
0
0
0
0
0
0
0
0
0
0
0
0
0.00550158964511099
0.010118322262195598
0
0.005490978983533644
0
0
0
0
0
0
0.005490978983533644
0
0
0
0
0
0
0
0
0
0
0
0
0
0
0.005486746812740287
0
0
0
0
0
0
0
0
0
0
0.005486746812740287
0.01558909835490961
0
0
0
0
0
0
0
0
0
0
0.0894307580503289
0
0
0
0
0
0
0
0
0
0
0
0
0
0
0
0
0
0
0
0.0403549445127101
0
0
0
0
0
0
0
0
0.005480411460510043
0
0
0
0
0
0
0
0
0
0
0
0
0
0.059818187959208166
0
0.005478303108933269
0
0
0
0
0
0
0
0
0
0
0
0
0
0
0
0.010079855634849531
0
0
0
0
0
0
0.005476196470051572
0
0
0
0
0.005478303108933269
0
0
0
0
0
0
0
0
0
0.010095204996620978
0
0
0
0
0
0
0
0
0
0
0
0
0
0
0
0
0
0
0
0
0
0
0.005480411460510043
0.005480411460510043
0.005480411460510043
0.005480411460510043
0.005476196470051572
0
0
0
0
0
0
0
0
0
0
0
0
0
0
0
0
0
0.005478303108933269
0
0.005478303108933269
0
0
0
0
0
0
0
0
0
0
0
0
0
0
0
0
0
0
0
0
0
0
0
0
0
0
0
0
0.014373972516600747
0
0
0
0
0
0
0
0
0
0
0
0
0
0
0
0
0
0
0
0
0
0
0
0
0
0
0
0
0
0.005480411460510043
0
0
0
0.005482521526913321
0
0
0
0
0
0.005480411460510043
0
0
0
0
0
0
0
0
0
0
0
0
0
0
0
0
0
0
0
0
0
0
0
0
0
0
0
0
0
0
0
0
0
0
0
0
0
0
0
0
0
0
0
0
0
0
0
0
0
0
0
0
0
0
0
0
0
0
0
0
0
0
0
0
0
0
0
0
0
0
0
0
0
0
0
0
0
0
0
0
0
0
0
0
0
0
0
0
0
0
0
0.014352291957672965
0
0
0
0
0
0
0
0
0
0
0
0
0
0
0
0
0
0
0
0
0
0
0.005478303108933269
0
0
0.005480411460510043
0
0
0
0
0
0
0
0
0
0
0
0
0
0
0
0
0.010956333852040787
0
0.010091363008489524
0
0.005480411460510043
0
0
0
0
0
0.018443260512185675
0
0.005480411460510043
0.010091363008489524
0.005480411460510043
0.010095204996620978
0
0
0.005484633310277246
0
0
0.026147653751463898
0.029827793217319033
0
0
0
0
0
0
0
0
0
0.005480411460510043
0
0
0
0
0.005476196470051572
0
0
0
0
0
0
0
0
0
0
0.005482521526913321
0
0
0
0
0
0.005480411460510043
0
0
0
0
0
0
0
0
0
0
0
0
0
0.005480411460510043
0
0
0
0
0
0
0
0
0
0
0
0
0
0
0
0
0
0
0
0
0
0
0
0
0.005507976860777862
0
0
0
0
0
0
0
0
0
0.00550158964511099
0
0
0
0
0
0
0
0
0
0
0
0
0
0
0
0
0
0
0
0
0
0
0
0.00549309765615825
0
0
0
0
0
0
0
0
0
0
0
0
0.010110604036183284
0
0
0
0
0
0
0
0
0
0
0
0
0
0
0
0
0
0
0
0
0
0
0
0
0
0
0
0
0
0
0
0
0
0
0
0
0
0
0
0
0
0
0
0
0
0
0
0
0
0
0
0
0
0
0
0
0
0
0
0
0
0
0
0
0
0
0
0
0
0
0
0
0
0
0
0
0
0
0
0
0
0
0
0
0
0.005507976860777862
0
0
0
0
0
0
0
0
0
0
0
0
0
0
0
0
0
0
0
0
0
0
0
0
0
0
0
0
0
0
0
0
0
0
0
0
0
0
0
0
0
0
0
0
0
0
0
0
0
0
0
0
0
0
0
0
0
0
0
0
0
0
0
0
0
0
0
0
0
0
0
0
0
0
0
0
0
0
0
0
0
0
0
0
0
0.010141552137525192
0
0
0
0
0.00551224371521654
0
0
0
0
0
0
0
0
0.07238011501804968
0
0
0
0
0
0
0
0
0
0
0
0
0
0
0
0
0
0
0
0
0
0
0
0
0
0
0
0
0
0
0
0.005488862036443962
0
0
0
0
0
0
0
0
0
0
0
0
0.014341477748760241
0
0
0
0
0
0
0
0
0
0
0
0
0
0
0
0
0
0
0
0
0
0
0
0
0
0
0
0
0
0
0
0
0
0
0
0
0
0
0
0
0
0
0
0
0
0
0
0
0
0
0
0
0
0
0
0
0
0.005469886808322483
0
0
0
0
0
0
0
0
0
0
0
0
0
0
0
0
0
0
0
0
0.005476196470051572
0.005476196470051572
0
0
0
0
0
0
0
0
0
0
0
0
0
0
0
0
0
0
0
0
0
0
0
0
0
0
0
0
0
0
0
0
0
0
0
0
0
0
0
0
0
0
0.05977499339155061
0
0
0
0
0
0
0
0
0
0
0
0
0
0
0.005471988321868283
0
0
0
0
0
0
0
0
0
0
0
0
0
0
0
0
0
0
0
0
0
0
0
0
0
0
0.010079855634849531
0
0
0.005474091541737993
0
0
0
0
0
0
0
0
0
0
0
0
0
0
0
0
0
0
0.005474091541737993
0
0
0
0
0
0
0.005474091541737993
0
0
0
0
0
0
0
0
0
0
0
0
0
0
0
0
0
0
0
0
0
0
0.005474091541737993
0
0
0
0
0
0
0
0
0
0
0
0
0
0
0
0
0
0
0
0
0
0
0
0
0
0
0
0
0
0
0
0
0
0.014373972516600747
0
0
0
0
0
0
0
0
0
0.010956333852040787
0
0
0
0
0
0.005474091541737993
0
0
0
0
0
0
0
0
0
0
0
0
0
0
0
0
0
0
0
0
0
0
0
0
0
0
0
0
0
0
0
0
0
0
0
0
0
0
0
0.005476196470051572
0.005476196470051572
0
0.005476196470051572
0
0.005476196470051572
0
0
0
0
0
0
0
0
0.005478303108933269
0
0
0
0
0
0
0.005480411460510043
0
0
0.005478303108933269
0
0
0
0
0
0
0
0
0
0
0
0
0
0
0
0
0
0.014373972516600747
0
0
0
0
0
0.005478303108933269
0
0
0
0
0
0
0
0
0
0
0
0
0
0
0
0
0
0
0
0
0
0
0
0
0
0
0
0
0
0
0
0
0
0
0
0
0
0
0
0
0
0
0
0
0
0
0
0
0
0
0
0
0
0
0
0
0
0
0.005469886808322483
0
0
0
0
0
0
0
0
0
0
0
0
0
0
0
0
0
0
0
0
0
0
0
0.005471988321868283
0
0
0
0
0.005474091541737993
0
0
0
0
0.005480411460510043
0
0
0
0
0
0
0
0
0
0
0
0
0
0
0
0
0
0
0
0.010079855634849531
0
0.010079855634849531
0
0
0
0
0.005474091541737993
0
0
0
0
0
0
0
0
0
0
0
0
0
0
0
0
0
0
0
0
0
0
0
0
0
0
0
0
0
0.005474091541737993
0
0
0
0
0.014352291957672965
0
0
0.005469886808322483
0
0
0
0
0
0
0
0
0
0
0
0
0
0
0.005476196470051572
0
0
0
0
0
0.020166287672526102
0
0
0
0
0
0
0
0
0
0
0
0
0
0
0
0
0
0
0
0
0
0
0
0
0
0
0
0
0.010076026027796479
0
0
0
0
0
0
0
0
0
0
0
0
0
0
0
0
0
0
0
0
0.010072199506460624
0
0
0
0
0
0
0
0
0
0
0
0
0
0.010072199506460624
0
0
0
0
0
0
0
0
0
0
0
0
0.0743725620495678
0
0
0
0
0
0.005471988321868283
0
0
0
0
0
0
0
0
0
0
0
0
0
0
0
0
0
0
0
0
0
0
0
0.005467786998983655
0
0
0
0
0
0
0
0
0
0
0
0
0
0
0
0
0
0
0
0
0
0
0
0
0
0
0
0
0
0
0
0
0
0.005467786998983655
0
0.005467786998983655
0
0
0
0
0
0
0
0.005467786998983655
0
0
0
0
0.014346882685125332
0
0
0
0.005465688891738497
0
0
0
0
0
0
0
0
0
0
0
0
0
0
0
0
0
0
0
0
0
0
0
0
0
0
0
0
0
0
0
0
0
0
0
0
0
0
0
0.005469886808322483
0
0
0.005469886808322483
0
0
0
0
0
0
0.010076026027796479
0
0
0
0
0
0
0
0
0
0.005471988321868283
0.005471988321868283
0
0
0
0
0
0.01983098107982985
0
0
0
0
0
0
0
0
0
0
0
0
0
0
0
0
0
0
0.005486746812740287
0
0
0
0
0
0
0
0
0
0
0
0
0
0
0
0
0
0.005484633310277246
0
0.005484633310277246
0
0
0
0
0
0
0
0
0
0
0
0
0
0.010087524121371804
0
0
0
0
0
0
0
0
0
0.5047408986198655
0
0
0
0
0.005474091541737993
0
0
0
0.005469886808322483
0
0
0.014346882685125332
0.005467786998983655
0
0
0
0
0
0
0
0
0
0
0.010939502195098958
0
0
0
0
0
0.005469886808322483
0
0
0
0
0
0
0
0
0
0
0
0
0
0
0
0
0
0
0.005474091541737993
0
0
0.010083688331434321
0
0
0.005474091541737993
0
0
0
0
0
0
0
0
0
0
0
0
0
0
0
0
0
0
0
0
0
0
0
0
0
0
0.005474091541737993
0
0
0
0
0
0
0.005480411460510043
0
0.005480411460510043
0.005480411460510043
0
0
0.005480411460510043
0
0
0
0
0
0
0
0
0
0
0.12044474507713832
0
0
0
0
0
0
0
0
0
0
0
0
0
0
0
0
0
0
0.029827793217319033
0
0
0
0
0
0
0
0
0
0
0
0
0
0.005486746812740287
0
0.005488862036443962
0
0
0
0
0
0
0
0
0
0
0
0
0
0
0
0
0
0
0
0
0.005490978983533644
0
0
0
0
0
0.005486746812740287
0
0
0
0.005486746812740287
0
0
0
0
0
0
0
0
0
0
0
0
0
0
0
0
0
0
0
0
0
0
0
0
0
0
0
0
0
0
0
0.00549734018662597
0
0
0
0
0
0
0
0.00549309765615825
0
0
0
0
0
0
0
0
0
0
0
0
0
0
0
0.02237893685272937
0
0.00549734018662597
0
0
0
0
0
0
0
0
0
0
0
0
0
0
0
0
0.01012605300033357
0
0
0
0
0
0
0
0
0
0
0
0
0
0
0
0
0
0
0
0
0
0
0
0
0
0
0
0
0
0
0
0
0
0
0
0
0
0
0
0
0
0
0
0
0.005495218056470404
0
0
0
0
0
0
0
0
0
0
0
0
0
0
0
0
0
0
0
0
0.010102898291291988
0
0
0
0
0
0
0
0
0
0
0
0
0
0
0
0
0
0
0
0
0
0
0
0
0
0
0
0.005484633310277246
0
0.010102898291291988
0
0
0
0
0
0
0
0
0
0.010968993543281787
0
0
0.005486746812740287
0
0
0
0
0
0
0
0
0
0
0
0
0
0
0
0
0
0
0
0
0
0
0.005478303108933269
0
0
0
0
0.005476196470051572
0
0
0
0
0
0
0
0
0
0
0.043651748342927
0
0
0
0
0
0.005471988321868283
0
0
0
0
0
0
0
0
0
0
0
0
0
0
0.07219779744354313
0.01012605300033357
0
0
0
0
0
0
0
0
0
0
0
0
0
0
0
0
0
0
0
0
0
0
0
0
0
0
0
0
0
0
0
0
0
0
0
0
0
0
0
0
0
0
0
0
0
0
0
0
0
0
0
0
0
0
0
0
0.00549309765615825
0
0
0
0
0
0
0
0
0
0
0
0
0
0
0
0
0
0
0
0
0
0
0
0
0.005490978983533644
0.00549309765615825
0
0
0
0
0
0
0
0
0.00549309765615825
0
0
0
0
0
0
0
0
0
0
0
0
0
0
0
0.018505805829786618
0
0
0
0
0
0
0
0
0
0
0
0
0
0
0
0
0
0
0
0
0
0
0
0
0
0
0
0
0
0
0
0
0
0
0
0
0
0
0
0
0
0.00549309765615825
0
0
0
0
0
0
0
0
0
0
0
0
0.00549309765615825
0.4583374645005906
0
0
0
0
0
0.005495218056470404
0
0.010114461587113927
0
0.010118322262195598
0
0
0
0
0
0
0
0
0
0
0
0
0.005495218056470404
0
0
0
0
0
0
0
0
0
0.00549734018662597
0
0
0
0
0
0
0
0
0
0.00549734018662597
0
0
0
0
0
0
0
0
0
0
0.010122186065307012
0.00549734018662597
0
0
0
0
0
0
0
0
0
0.00549309765615825
0
0.019898899559046494
0
0.00549309765615825
0
0
0
0
0
0
0
0
0
0
0
0
0
0.010935302811723746
0
0
0
0
0
0.005469886808322483
0
0
0
0.005469886808322483
0
0
0
0
0
0
0
0
0
0
0
0
0
0
0
0
0
0
0.005469886808322483
0
0
0
0
0.005469886808322483
0
0
0
0
0
0
0
0
0
0
0
0
0.005469886808322483
0
0
0
0
0
0
0
0
0
0
0
0
0
0
0
0
0
0
0
0
0
0
0
0
0
0
0
0
0
0
0
0
0
0
0
0
0
0
0
0
0
0
0
0
0
0
0
0
0
0
0
0.022337165443212407
0
0
0
0
0
0
0.005474091541737993
0
0
0
0
0
0
0
0
0
0
0
0
0
0
0
0
0
0
0
0
0.005478303108933269
0
0
0
0
0
0
0
0
0
0
0
0
0
0
0
0.010083688331434321
0
0
0
0
0
0
0
0
0
0.005480411460510043
0
0
0
0
0
0
0
0
0
0
0
0
0
0
0
0.005478303108933269
0
0
0
0
0
0
0
0
0
0
0
0
0
0
0
0
0
0
0
0.005478303108933269
0
0
0
0
0
0
0
0
0
0
0
0.005476196470051572
0
0
0
0
0.005484633310277246
0
0
0
0
0
0
0
0
0
0
0
0
0
0.015571229145094215
0
0
0
0
0
0
0
0
0.005488862036443962
0
0.014395722883162898
0.005488862036443962
0
0.014390278728206623
0
0
0
0.005484633310277246
0
0
0
0
0
0
0
0
0
0
0
0
0
0
0
0
0
0
0
0
0
0
0
0
0
0
0
0
0
0
0
0
0
0
0
0
0
0
0
0
0
0
0
0
0
0
0
0
0
0
0
0
0.005490978983533644
0
0
0
0
0
0.0054994640487851685
0
0
0
0
0
0.1161050413980732
0
0
0.005495218056470404
0
0
0
0
0
0
0
0
0
0
0
0
0
0
0
0
0
0.005488862036443962
0
0
0
0
0
0
0
0
0
0
0
0
0
0
0
0
0.005503716977770644
0
0
0
0
0
0
0
0
0
0
0
0
0
0
0
0
0
0
0
0
0
0
0
0
0
0
0
0.005507976860777862
0
0
0
0
0
0
0
0
0
0
0
0
0
0
0
0
0
0
0
0
0
0
0
0.0054994640487851685
0
0
0
0
0.0054994640487851685
0
0
0
0
0
0
0
0
0
0
0
0
0
0
0.010122186065307012
0
0.005495218056470404
0
0
0
0
0
0
0
0
0
0
0
0
0
0
0
0
0
0
0
0
0
0
0
0
0
0
0
0
0
0
0
0
0
0
0.010122186065307012
0
0
0
0.00550158964511099
0
0
0.005503716977770644
0
0
0
0
0
0
0
0
0
0
0
0
0
0
0
0
0
0
0
0
0
0
0
0
0
0
0
0
0
0
0
0
0
0
0
0.01012605300033357
0
0
0
0
0
0
0
0
0.0716425756603348
0.010118322262195598
0
0
0
0
0.0144011714226726
0
0
0
0
0
0
0
0
0
0
0
0
0
0
0
0
0
0.00549309765615825
0
0
0
0
0
0
0
0
0
0
0
0
0
0
0
0.005490978983533644
0
0
0
0
0
0
0
0
0
0
0
0
0
0
0
0
0
0
0
0
0
0
0
0
0
0
0
0
0
0
0
0.00549734018662597
0
0
0
0
0
0
0
0
0
0
0
0
0
0
0
0
0
0
0
0
0
0
0
0
0
0
0
0
0
0
0
0
0.00549309765615825
0
0
0
0
0
0
0
0
0
0
0
0
0
0
0
0
0
0
0
0
0
0
0
0.018422512113754966
0
0
0
0
0
0
0
0
0
0
0
0
0
0
0
0
0
0
0
0
0
0
0
0.005471988321868283
0
0
0
0
0
0
0
0
0
0
0
0.00549734018662597
0
0
0
0
0
0
0
0
0
0
0
0
0
0.005514379762179183
0
0.005520798408319934
0
0.005522941466106099
0
0
0.005520798408319934
0
0
0.005520798408319934
0.005518657106536172
0
0.005520798408319934
0.0055165175585548155
0
0
0
0
0
0
0
0
0
0
0
0
0
0.044005445464428514
0
0
0
0
0
0
0
0
0.005518657106536172
0
0
0
0
0
0
0
0
0
0
0
0
0
0
0
0
0
0
0
0
0
0
0
0
0
0
0
0
0
0
0
0
0
0
0
0
0
0
0
0
0
0
0
0
0
0
0
0
0.014439434423113212
0
0
0
0
0
0
0
0
0
0
0.0055058460489347556
0
0
0
0
0
0
0
0
0
0
0
0
0
0
0
0
0
0
0
0
0
0
0
0
0
0
0
0
0
0
0
0
0
0
0
0
0
0
0
0
0.3523605414580715
0
0
0
0
0
0
0
0
0
0.0055058460489347556
0
0
0.0055058460489347556
0
0
0
0
0
0
0
0
0
0
0
0
0
0
0
0
0
0
0
0
0
0
0
0
0
0
0
0
0
0
0
0
0
0
0
0
0
0
0
0
0
0
0
0.0055165175585548155
0
0
0
0
0
0
0
0
0
0
0
0
0
0
0
0
0
0
0
0
0
0
0
0
0
0
0
0.0055165175585548155
0
0
0
0
0
0
0
0
0
0
0
0
0
0
0
0.022446119403629776
0
0
0
0
0
0
0
0
0
0
0
0
0
0
0
0
0
0
0
0.005474091541737993
0
0.005474091541737993
0
0
0
0
0
0
0
0
0
0
0
0
0
0
0
0
0
0
0
0
0
0
0
0
0.010083688331434321
0
0
0
0
0
0.005474091541737993
0
0
0
0
0
0
0
0.005503716977770644
0
0
0
0
0
0.005503716977770644
0
0
0
0
0
0
0
0.005503716977770644
0
0
0
0.0055058460489347556
0
0
0
0
0
0
0
0
0.0055101094154779325
0
0.00551224371521654
0
0
0
0
0
0
0
0
0
0
0
0
0
0
0
0
0
0
0
0
0
0
0
0
0
0
0
0
0
0
0
0
0
0
0
0
0
0
0.005520798408319934
0
0
0
0
0
0.005520798408319934
0
0
0
0
0.005522941466106099
0
0
0
0
0
0
0
0
0
0
0
0
0
0
0
0
0
0
0
0
0
0
0
0
0
0
0
0
0
0
0
0
0
0
0
0
0
0
0
0.030017034043280783
0
0
0
0
0
0
0
0
0
0
0
0
0
0
0
0
0
0
0
0
0
0
0
0
0
0
0
0
0
0
0
0
0
0
0
0
0.0055101094154779325
0
0.0055101094154779325
0
0
0
0
0
0
0
0
0
0
0
0
0
0
0
0
0.005514379762179183
0.06634397526831169
0
0
0
0
0
0
0
0
0
0
0.005507976860777862
0.005507976860777862
0
0
0
0
0
0
0
0
0
0
0.010133796281705796
0
0
0
0
0
0
0
0
0
0
0
0
0
0
0
0
0
0
0
0
0
0
0.010137672635854847
0.010137672635854847
0
0
0
0
0
0
0
0
0
0
0
0
0
0
0
0
0
0
0
0
0
0
0
0
0
0
0.00551224371521654
0
0
0
0
0
0.0055101094154779325
0
0
0
0
0.00551224371521654
0
0
0
0
0
0
0.010149320599109517
0
0.00551224371521654
0
0
0
0
0
0
0
0
0
0
0
0.0055058460489347556
0
0
0.0055058460489347556
0.0055058460489347556
0
0
0
0
0
0
0
0
0
0
0
0.00550158964511099
0
0
0.00550158964511099
0
0
0
0
0
0
0
0
0
0
0
0
0
0
0.005537992224275951
0.018625190019424424
0
0
0
0
0
0
0.00560348952656974
0
0.005605700980268421
0
0
0
0
0
0
0
0
0
0
0
0
0
0
0
0
0
0
0
0.0056079142787579285
0
0
0
0
0.005612346419535356
0
0
0
0
0
0
0
0
0
0
0
0
0
0
0
0.005605700980268421
0
0.00560348952656974
0
0
0
0
0
0
0
0
0
0
0
0
0
0
0
0
0
0
0
0
0
0
0
0
0
0.005605700980268421
0
0
0
0
0
0
0
0
0.005610129424393764
0.005610129424393764
0
0.005610129424393764
0
0
0.010331548040872844
0
0
0
0
0
0
0
0
0
0
0
0
0
0
0
0
0.018861691108205614
0
0
0
0
0
0.0056012799153106144
0
0
0
0
0
0
0
0
0
0
0
0
0
0
0
0
0
0
0
0.0056012799153106144
0.0056079142787579285
0
0
0
0
0
0
0.02028541092073435
0
0.0055990721441436814
0
0
0
0
0
0
0
0
0
0
0
0
0
0
0
0
0
0
0.0056079142787579285
0.005605700980268421
0
0
0
0
0
0
0
0
0
0
0
0
0
0
0
0
0
0
0
0
0
0
0
0
0
0
0
0
0
0
0.0056079142787579285
0
0
0
0
0
0
0
0
0
0
0
0
0
0
0
0
0
0.005610129424393764
0.005610129424393764
0
0
0
0
0
0
0
0
0
0
0.005605700980268421
0
0.010315426825474268
0
0
0
0
0
0
0
0
0
0
0
0
0
0
0
0
0
0
0
0
0
0
0
0
0
0
0
0
0
0.005616785967793007
0.005621232942487906
0
0
0
0
0
0
0
0
0
0
0
0
0.005559644266962895
0
0
0
0
0
0.005548795933697018
0
0.0157579971983824
0.005546631630905794
0
0
0
0
0
0
0
0
0
0
0
0
0
0
0
0
0
0
0
0
0
0
0
0
0
0
0
0
0
0
0
0
0
0
0
0
0
0
0
0
0
0.005518657106536172
0
0
0
0
0
0
0
0
0
0
0
0
0
0
0
0
0
0
0
0
0.005518657106536172
0
0
0
0
0
0
0.005520798408319934
0
0
0
0
0.005520798408319934
0.010164895465370078
0
0
0
0
0
0
0
0
0
0
0
0
0
0
0
0
0
0
0
0
0
0
0
0
0
0
0
0.005520798408319934
0
0
0
0
0
0
0
0
0
0
0
0
0
0.005520798408319934
0
0
0
0
0
0
0
0
0
0
0
0
0
0
0
0
0
0
0.005522941466106099
0.005520798408319934
0
0
0
0
0
0
0
0
0
0
0
0
0
0
0
0
0
0
0.05072406018011821
0.005525086282098625
0
0
0
0
0
0
0
0
0
0
0
0
0
0
0
0
0
0
0
0
0
0
0
0
0
0
0
0
0
0
0
0
0
0.005533683172340877
0
0
0
0
0
0
0
0
0
0
0
0
0
0
0
0
0
0
0
0
0
0
0
0
0
0
0
0
0
0
0
0
0
0
0
0
0
0
0
0
0
0
0
0
0
0
0
0
0
0
0
0
0.0055293811975369875
0
0
0
0
0
0
0
0
0
0
0
0
0
0
0
0
0
0
0
0
0
0
0
0
0.07755681231095783
0
0
0
0
0
0
0
0
0.005520798408319934
0
0
0
0
0
0
0.005522941466106099
0
0
0
0
0
0.010164895465370078
0
0
0
0
0
0
0
0
0
0.005522941466106099
0.005522941466106099
0
0
0
0
0
0
0
0
0
0
0
0
0
0
0
0
0
0
0
0
0
0
0
0
0
0
0
0
0.005520798408319934
0
0
0
0
0.8049480003168046
0
0
0
0
0
0
0
0
0
0
0
0
0
0
0
0
0
0
0
0
0
0
0
0
0
0
0
0
0
0
0
0
0
0.01450000111474217
0
0
0
0
0.0055315313014093264
0
0
0
0
0
0
0
0
0
0
0
0
0
0
0
0
0
0
0.03654078651539166
0
0
0
0
0
0.0055293811975369875
0
0
0
0
0
0
0
0
0
0
0
0
0
0
0
0
0
0
0
0
0.010184435517591949
0
0
0
0.01016879710976469
0
0
0
0
0
0
0
0
0
0
0
0
0
0
0
0
0.010157101697881577
0
0
0.03647186205481133
0
0
0
0
0
0
0
0
0
0
0
0
0
0
0
0
0
0
0
0
0
0
0
0
0
0
0.005514379762179183
0
0
0.00551224371521654
0
0
0
0
0
0
0
0.0055101094154779325
0
0
0
0
0
0
0
0
0.010149320599109517
0
0
0
0
0
0
0
0
0
0.00551224371521654
0.04730996842024135
0
0
0
0.0055101094154779325
0
0
0
0
0
0
0
0
0
0
0
0
0
0
0
0
0
0
0
0
0
0
0.0055101094154779325
0
0.0055101094154779325
0
0
0
0.059315672526476154
0
0
0
0
0
0
0
0
0
0
0
0
0.00551224371521654
0
0
0
0
0
0
0
0
0
0.00551224371521654
0
0
0
0
0
0
0
0
0.005514379762179183
0
0.01446139629425699
0
0
0
0
0
0
0
0
0
0
0
0
0
0
0
0
0
0
0
0
0
0
0
0
0
0
0
0
0
0
0.00551224371521654
0
0
0
0
0
0
0
0
0
0
0
0
0
0
0
0
0
0
0
0
0
0
0
0
0
0
0
0
0
0
0
0
0
0
0
0
0
0
0
0
0
0
0
0
0
0
0
0.01016099699606153
0
0
0.01016099699606153
0
0
0
0
0
0
0
0
0
0
0
0
0
0
0
0
0
0
0
0
0
0
0
0
0
0
0
0
0
0
0
0
0
0
0
0
0
0
0
0
0
0
0
0
0
0
0
0
0
0
0
0
0
0
0
0
0
0
0.005520798408319934
0
0
0
0
0
0
0
0
0
0
0
0
0
0
0
0
0
0
0
0
0
0
0
0
0
0
0
0
0
0
0
0
0
0
0
0.0055165175585548155
0
0
0
0
0
0
0
0
0
0
0
0
0
0
0
0
0
0
0
0
0
0
0
0
0.02249678983304903
0
0
0
0
0
0
0
0
0
0
0
0
0
0
0
0
0
0
0
0
0
0
0
0
0
0
0
0
0
0
0
0
0
0
0
0
0
0
0
0
0
0.00551224371521654
0
0
0
0
0
0
0.03359152188417251
0
0
0
0
0
0.00551224371521654
0
0
0.014455899164978149
0
0
0
0
0
0
0
0
0
0.026284638501825438
0
0
0.010149320599109517
0
0
0
0
0
0.06634397526831169
0
0
0
0
0
0
0
0
0
0
0
0
0
0
0
0
0
0
0
0
0
0
0
0
0
0
0
0
0
0
0.1921129283665609
0
0
0
0
0
0
0
0
0
0
0
0
0
0
0
0
0
0.00551224371521654
0
0.00551224371521654
0.010149320599109517
0
0
0
0
0
0
0.005514379762179183
0
0
0
0
0
0
0
0
0.02248832779522019
0
0.010153209566878913
0
0
0
0
0
0
0
0
0
0
0
0.01854775466645923
0
0
0
0
0
0
0
0
0
0
0
0
0
0
0
0
0
0
0
0
0
0
0
0
0
0
0
0
0
0
0
0
0
0
0
0.005514379762179183
0
0
0
0
0
0
0
0
0
0
0
0
0
0
0
0
0.00551224371521654
0
0
0
0
0
0
0
0
0
0
0
0
0
0.00551224371521654
0
0
0
0
0
0
0
0
0
0
0
0
0
0
0.010145434790635361
0
0
0
0
0.018540749115216994
0
0
0
0.00551224371521654
0
0
0
0
0.014455899164978149
0.010149320599109517
0
0
0
0
0.005514379762179183
0
0
0
0.018554765865350993
0
0
0
0.015661011808094278
0
0.14700448682349607
0
0
0.06567399803839177
0
0
0.018540749115216994
0
0
0
0.010149320599109517
0
0.06937879991185802
0
0
0
0
0.00551224371521654
0
0
0.010149320599109517
0
0
0
0
0
0
0.06940389187772247
0
0
0.5851717703254808
0.5840158029773129
0.5840158029773129
0
0
0
0.010153209566878913
0
0
0
0
0
0
0
0
0
0
0
0
0
0
0
0
0
0
0
0
0
0
0.00551224371521654
0
0
0
0
0.00551224371521654
0.00551224371521654
0
0
0
0
0
0
0.00551224371521654
0.014455899164978149
0
0
0
0
0
0
0
0
0
0
0
0
0
0
0
0
0
0
0
0
0
0
0
0
0
0
0
0
0
0
0
0
0.005514379762179183
0
0
0.005514379762179183
0
0
0
0
0
0
0
0
0
0
0
0
0
0
0
0.0055165175585548155
0
0
0
0
0
0
0
0
0.005518657106536172
0
0
0
0
0
0
0
0
0
0
0
0
0
0
0
0
0
0
0
0
0
0
0
0.005518657106536172
0
0
0
0.005520798408319934
0
0
0
0
0
0.005522941466106099
0
0
0
0
0
0
0
0.005522941466106099
0
0.005522941466106099
0
0
0.01858286727746428
0
0
0
0
0
0
0
0
0
0
0
0
0
0
0
0
0
0
0
0
0
0
0
0
0
0
0
0
0
0
0
0
0
0
0
0
0
0
0
0
0
0
0
0
0
0
0
0
0
0
0
0
0
0
0
0
0
0
0
0
0
0
0.08983158725552923
0.005514379762179183
0
0
0
0
0
0
0
0.010157101697881577
0
0
0
0
0
0
0.010157101697881577
0
0
0
0
0
0
0
0
0
0
0
0
0
0
0
0
0
0
0
0
0
0
0
0
0
0
0
0
0.01016099699606153
0
0
0
0.03714773956489464
0
0
0
0.02630433324576501
0
0
0
0
0
0
0
0
0
0
0
0
0
0
0
0
0
0
0.0055165175585548155
0
0
0
0
0
0
0
0
0
0
0
0
0
0
0
0
0
0
0
0
0
0
0
0
0
0
0
0.005520798408319934
0
0
0
0
0.005522941466106099
0
0
0
0
0
0
0
0
0
0
0
0
0
0
0
0
0
0
0
0
0
0
0
0
0
0
0.005520798408319934
0
0
0.005520798408319934
0
0
0
0
0.0055165175585548155
0
0
0
0.0055165175585548155
0
0
0
0
0
0
0
0
0
0
0.005518657106536172
0
0
0.0055165175585548155
0.01016099699606153
0
0.010157101697881577
0
0
0
0
0
0
0
0
0
0
0
0
0
0
0
0
0
0.01016099699606153
0
0
0
0
0
0.005518657106536172
0
0
0
0
0
0
0
0
0
0.010164895465370078
0
0
0
0
0
0
0
0
0
0
0.0055165175585548155
0
0.03714773956489464
0
0
0
0
0
0
0
0
0
0
0
0.0055165175585548155
0
0
0
0
0
0.0055165175585548155
0
0
0.0055165175585548155
0
0
0
0
0
0
0
0
0
0
0
0
0
0
0
0
0
0
0
0
0
0
0
0
0
0
0
0
0
0
0
0
0
0
0
0.005522941466106099
0.005522941466106099
0.0055315313014093264
0
0.005535836812554224
0
0.005540149409736168
0
0
0
0
0
0
0
0.04091092899042479
0
0
0
0
0
0
0
0
0.005570537506658492
0
0
0
0
0
0
0
0
0.010251472167401398
0
0
0
0
0
0
0
0
0
0
0.00556617480382301
0
0.01872474729377854
0
0
0
0
0.005561819313302546
0
0
0.005561819313302546
0
0
0.005561819313302546
0
0
0
0
0
0.016691142091952355
0
0
0.005563996158163855
0
0
0
0
0
0
0
0
0
0
0
0
0
0
0
0
0
0
0
0.005555299560763639
0.005559644266962895
0
0
0.0302202325672225
0
0
0
0
0
0
0.005559644266962895
0
0.0055574710168726504
0
0
0
0.010243536932453938
0.005563996158163855
0
0
0
0
0
0
0
0
0
0
0
0
0
0.005577095124021322
0
0
0
0
0
0.010267381836654203
0
0
0
0
0
0
0
0
0
0
0
0
0
0
0
0
0
0
0
0
0
0
0
0
0
0
0
0
0
0.00556617480382301
0
0.005563996158163855
0
0
0.015800829715958614
0
0
0
0
0
0
0
0
0.020160002710778332
0
0
0
0
0
0
0
0
0
0
0
0
0.01582541638835737
0.010251472167401398
0
0.01025544467862049
0
0
0.014600285352931668
0
0
0
0
0
0
0.12093903868088701
0
0
0
0
0
0
0
0
0
0.010279348518027006
0
0
0
0
0
0
0
0
0
0
0
0
0
0
0
0
0.005581475937784927
0
0
0
0
0.005581475937784927
0
0
0
0
0
0
0.005588060807821275
0.010283343991908655
0
0
0.01117583676543506
0
0.014650983231674476
0
0
0
0
0
0
0
0
0
0
0
0
0
0
0
0.01029134483478087
0
0
0
0
0
0
0
0
0
0
0.005592459847784892
0
0.010295350212120184
0.005594662112718047
0.005594662112718047
0
0
0.005592459847784892
0
0
0.07029466493190803
0
0.005594662112718047
0
0
0.0056012799153106144
0
0
0
0
0
0
0
0
0
0
0
0
0
0
0
0
0
0
0
0
0
0
0
0
0
0
0
0
0
0.005666115361068687
0
0
0
0.005677454566956508
0
0
0
0
0
0.00574185110709389
0
0
0.056005202366837786
0
0
0
0
0.0057699247975044774
0
0
0
0.005784070722064972
0
0
0
0
0.0058486453378825
0.005843809809056183
0
0.02787735784839001
0
0
0
0
0.005863202799072125
0.019698560120089876
0
0
0
0
0.019706532263064784
0
0
0
0
0
0
0
0.005805427585867145
0
0
0
0
0
0
0
0
0.005805427585867145
0.005810196209920446
0.011620081330718627
0.005812583627589013
0.010695919509080507
0.0058149731193545915
0.01954054977192785
0
0.03537257343429231
0.06393349867436286
0
0.0058149731193545915
0.005817364687975565
0.005819758336214835
0.24363681529907932
0.005817364687975565
0
0
0
0.005829353780791424
0
0
0
0.03918957204021343
0
0
0.010748332619965564
0.011692137565223748
0
0
0
0
0
0
0
0
0.005831757868742907
0
0
0
0.005836572336347802
0.005841395211567485
0
0.005836572336347802
0
0
0.015308573710855297
0
0.005843809809056183
0
0
0.01169697491197088
0
0
0
0
0.005870510287647882
0
0
0
0
0
0
0
0
0
0
0
0
0
0
0
0
0
0
0
0
0
0
0
0
0
0
0
0
0
0
0
0
0
0
0
0
0
0
0
0
0
0
